training...
64.7466
42.52182
38.488594
17.362698
17.30021
16.069862
15.9185705
11.803233
9.493443
9.32449
8.257173
6.1592283
6.026018
5.595985
5.0455093
4.8659
3.9432163
3.6130786



3.8943
3.8701
3.8446
3.8179
3.7901
3.7611
3.7309
3.6996
3.6672
3.6337
3.5991
3.5634
3.5267
3.4889
3.4502
3.4105
3.3698
3.3281
3.2856
3.2422
3.1979
3.1528
3.1070
3.0603
3.0129
2.9648
2.9160
2.8666
2.8166
2.7660
2.7149
2.6632
2.6111
2.5585
2.5056
2.4523
2.3986
2.3447
2.2905
2.2360
2.1814
2.1267
2.0718
2.0169
1.9619
1.9070
1.8520
1.7972
1.7425
1.6879
1.6335
1.5793
1.5254
1.4718
1.4185
1.3655
1.3129
1.2608
1.2091
1.1579
1.1073
1.0571
1.0076
0.9586
0.9103
0.8626
0.8156
0.7693
0.7237
0.6789
0.6348
0.5915
0.5490
0.5074
0.4665
0.4265
0.3874
0.3491
0.3117
0.2752
0.2396
0.2049
0.1711
0.1382
0.1062
0.0751
0.0449
0.0156
-0.0128
-0.0403
-0.0669
-0.0927
-0.1176
-0.1416
-0.1648
-0.1872
-0.2088
-0.2297
-0.2497
-0.2690
-0.2876
-0.3055
-0.3228
-0.3393
-0.3553
-0.3707
-0.3855
-0.3998
-0.4136
-0.4269
-0.4399
-0.4524
-0.4645
-0.4764
-0.4879
-0.4992
-0.5103
-0.5212
-0.5320
-0.5428
-0.5534
-0.5641
-0.5748
-0.5855
-0.5964
-0.6075
-0.6187
-0.6302
-0.6420
-0.6541
-0.6666
-0.6794
-0.6927
-0.7066
-0.7209
-0.7358
-0.7513
-0.7674
-0.7842
-0.8018
-0.8200
-0.8391
-0.8589
-0.8796
-0.9012
-0.9236
-0.9470
-0.9713
-0.9966
-1.0229
-1.0503
-1.0786
-1.1080
-1.1384
-1.1700
-1.2026
-1.2363
-1.2712
-1.3071
-1.3442
-1.3823
-1.4216
-1.4620
-1.5035
-1.5461
-1.5898
-1.6346
-1.6804
-1.7273
-1.7752
-1.8241
-1.8740
-1.9248
-1.9766
-2.0292
-2.0828
-2.1371
-2.1923
-2.2482
-2.3048
-2.3621
-2.4201
-2.4786
-2.5376
-2.5971
-2.6570
-2.7174
-2.7780
-2.8388
-2.8999
-2.9611
-3.0224
-3.0837
-3.1449
-3.2060
-3.2669
-3.3275
-3.3878
-3.4477
-3.5071
-3.5660
-3.6242
-3.6818
-3.7386
-3.7945
-3.8495
-3.9035
-3.9565
-4.0083
-4.0588
-4.1081
-4.1560
-4.2025
-4.2474
-4.2908
-4.3325
-4.3725
-4.4107
-4.4470
-4.4814
-4.5138
-4.5441
-4.5723
-4.5983
-4.6221
-4.6435
-4.6627
-4.6794
-4.6936
-4.7054
-4.7146
-4.7212
-4.7251
-4.7264
-4.7250
-4.7208
-4.7139
-4.7042
-4.6916
-4.6762
-4.6579
-4.6368
-4.6127
-4.5858
-4.5559
-4.5232
-4.4875
-4.4489
-4.4075
-4.3631
-4.3159
-4.2658
-4.2129
-4.1571
-4.0986
-4.0373
-3.9733
-3.9066
-3.8373
-3.7653
-3.6908
-3.6138
-3.5343
-3.4524
-3.3681
-3.2815
-3.1927
-3.1018
-3.0087
-2.9136
-2.8165
-2.7175
-2.6167
-2.5142
-2.4100
-2.3043
-2.1970
-2.0883
-1.9783
-1.8670
-1.7546
-1.6411
-1.5266
-1.4112
-1.2951
-1.1781
-1.0606
-0.9426
-0.8241
-0.7052
-0.5861
-0.4668
-0.3474
-0.2280
-0.1087
0.0104
0.1292
0.2477
0.3658
0.4834
0.6003
0.7167
0.8322
0.9470
1.0608
1.1738
1.2856
1.3964
1.5061
1.6145
1.7216
1.8274
1.9319
2.0349
2.1364
2.2364
2.3349
2.4317
2.5269
2.6205
2.7123
2.8025
2.8909
2.9775
3.0623
3.1454
3.2267
3.3061
3.3838
3.4596
3.5336
3.6058
3.6762
3.7448
3.8117
3.8768
3.9401
4.0017
4.0617
4.1199
4.1765
4.2315
4.2849
4.3367
4.3870
4.4359
4.4832
4.5292
4.5738
4.6171
4.6591
4.6998
4.7394
4.7777
4.8150
4.8512
4.8863
4.9205
4.9537
4.9860
5.0175
5.0481
5.0779
5.1070
5.1354
5.1631
5.1901
5.2166
5.2424
5.2677
5.2925
5.3167
5.3404
5.3637
5.3865
5.4089
5.4308
5.4523
5.4733
5.4940
5.5141
5.5339
5.5532
5.5720
5.5903
5.6081
5.6254
5.6421
5.6582
5.6738
5.6886
5.7027
5.7161
5.7287
5.7404
5.7512
5.7610
5.7698
5.7775
5.7840
5.7893
5.7933
5.7959
5.7970
5.7966
5.7946
5.7908
5.7852
5.7777
5.7683
5.7568
5.7431
5.7271
5.7088
5.6881
5.6648
5.6389
5.6102
5.5787
5.5443
5.5069
5.4664
5.4227
5.3757
5.3253
5.2715
5.2142
5.1533
5.0887
5.0204
4.9483
4.8723
4.7923
4.7084
4.6204
4.5284
4.4322
4.3319
4.2274
4.1187
4.0058
3.8887
3.7673
3.6417
3.5119
3.3779
3.2397
3.0974
2.9509
2.8005
2.6460
2.4875
2.3252
2.1592
1.9894
1.8160
1.6391
1.4588
1.2753
1.0886
0.8989
0.7063
0.5110
0.3132
0.1130
-0.0894
-0.2938
-0.5001
-0.7080
-0.9173
-1.1279
-1.3394
-1.5517
-1.7645
-1.9776
-2.1908
-2.4038
-2.6163
-2.8281
-3.0389
-3.2485
-3.4565
-3.6628
-3.8669
-4.0687
-4.2679
-4.4641
-4.6570
-4.8465
-5.0321
-5.2136
-5.3907
-5.5631
-5.7306
-5.8927
-6.0494
-6.2001
-6.3447
-6.4830
-6.6145
-6.7391
-6.8565
-6.9663
-7.0685
-7.1626
-7.2486
-7.3260
-7.3948
-7.4547
-7.5054
-7.5468
-7.5787
-7.6008
-7.6131
-7.6154
-7.6074
-7.5891
-7.5604
-7.5211
-7.4710
-7.4102
-7.3385
-7.2559
-7.1624
-7.0577
-6.9421
-6.8154
-6.6776
-6.5287
-6.3689
-6.1981
-6.0164
-5.8238
-5.6205
-5.4066
-5.1821
-4.9473
-4.7022
-4.4470
-4.1820
-3.9072
-3.6229
-3.3294
-3.0268
-2.7154
-2.3955
-2.0674
-1.7312
-1.3874
-1.0363
-0.6781
-0.3132
0.0581
0.4353
0.8182
1.2062
1.5992
1.9966
2.3980
2.8031
3.2114
3.6225
4.0359
4.4513
4.8681
5.2860
5.7044
6.1229
6.5410
6.9584
7.3745
7.7888
8.2010
8.6104
9.0168
9.4195
9.8182
10.2124
10.6017
10.9855
11.3636
11.7353
12.1003
12.4582
12.8086
13.1510
13.4851
13.8104
14.1266
14.4333
14.7302
15.0169
15.2930
15.5584
15.8126
16.0553
16.2863
16.5053
16.7120
16.9063
17.0879
17.2566
17.4121
17.5544
17.6832
17.7985
17.9001
17.9878
18.0617
18.1216
18.1675
18.1993
18.2170
18.2207
18.2102
18.1858
18.1473
18.0950
18.0288
17.9488
17.8552
17.7482
17.6278
17.4943
17.3477
17.1884
17.0165
16.8323
16.6360
16.4278
16.2081
15.9770
15.7350
15.4823
15.2192
14.9461
14.6633
14.3711
14.0700
13.7603
13.4424
13.1166
12.7834
12.4431
12.0963
11.7432
11.3843
11.0201
10.6509
10.2772
9.8994
9.5180
9.1334
8.7460
8.3562
7.9645
7.5714
7.1773
6.7825
6.3875
5.9928
5.5987
5.2057
4.8141
4.4244
4.0370
3.6523
3.2705
2.8922
2.5176
2.1471
1.7811
1.4199
1.0638
0.7131
0.3681
0.0292
-0.3035
-0.6296
-0.9489
-1.2611
-1.5661
-1.8636
-2.1533
-2.4352
-2.7090
-2.9746
-3.2319
-3.4806
-3.7207
-3.9520
-4.1746
-4.3882
-4.5929
-4.7885
-4.9751
-5.1526
-5.3210
-5.4803
-5.6305
-5.7717
-5.9038
-6.0270
-6.1413
-6.2467
-6.3434
-6.4315
-6.5111
-6.5822
-6.6450
-6.6998
-6.7465
-6.7853
-6.8165
-6.8402
-6.8566
-6.8659
-6.8682
-6.8638
-6.8528
-6.8356
-6.8123
-6.7831
-6.7482
-6.7080
-6.6626
-6.6123
-6.5572
-6.4977
-6.4341
-6.3664
-6.2950
-6.2202
-6.1421
-6.0611
-5.9773
-5.8910
-5.8024
-5.7118
-5.6194
-5.5255
-5.4302
-5.3338
-5.2365
-5.1385
-5.0401
-4.9413
-4.8426
-4.7439
-4.6455
-4.5477
-4.4505
-4.3541
-4.2587
-4.1645
-4.0716
-3.9801
-3.8901
-3.8019
-3.7154
-3.6309
-3.5484
-3.4679
-3.3897
-3.3138
-3.2401
-3.1689
-3.1001
-3.0338
-2.9700
-2.9088
-2.8502
-2.7942
-2.7408
-2.6900
-2.6418
-2.5962
-2.5532
-2.5127
-2.4747
-2.4391
-2.4060
-2.3753
-2.3469
-2.3207
-2.2968
-2.2749
-2.2551
-2.2372
-2.2212
-2.2070
-2.1945
-2.1835
-2.1741
-2.1661
-2.1594
-2.1538
-2.1494
-2.1459
-2.1434
-2.1415
-2.1404
-2.1397
-2.1395
-2.1396
-2.1400
-2.1404
-2.1408
-2.1411
-2.1412
-2.1410
-2.1403
-2.1392
-2.1374
-2.1348
-2.1315
-2.1273
-2.1222
-2.1159
-2.1086
-2.1000
-2.0901
-2.0789
-2.0663
-2.0523
-2.0367
-2.0195
-2.0008
-1.9803
-1.9582
-1.9344
-1.9089
-1.8816
-1.8525
-1.8216
-1.7889
-1.7544
-1.7182
-1.6801
-1.6403
-1.5987
-1.5554
-1.5103
-1.4636
-1.4153
-1.3653
-1.3138
-1.2608
-1.2063
-1.1503
-1.0931
-1.0345
-0.9747
-0.9138
-0.8518
-0.7887
-0.7247
-0.6599
-0.5942
-0.5279
-0.4610
-0.3935
-0.3256
-0.2573
-0.1888
-0.1200
-0.0513
0.0175
0.0862
0.1547
0.2229
0.2907
0.3581
0.4248
0.4910
0.5564
0.6210
0.6846
0.7473
0.8089
0.8693
0.9285
0.9863
1.0428
1.0978
1.1513
1.2032
1.2534
1.3019
1.3485
1.3934
1.4364
1.4774
1.5164
1.5534
1.5884
1.6212
1.6519
1.6804
1.7068
1.7310
1.7529
1.7726
1.7900
1.8052
1.8182
1.8289
1.8373
1.8435
1.8475
1.8492
1.8488
1.8462
1.8414
1.8346
1.8256
1.8146
1.8016
1.7866
1.7696
1.7508
1.7301
1.7077
1.6835
1.6576
1.6300
1.6009
1.5703
1.5383
1.5048
1.4700
1.4339
1.3967
1.3583
1.3188
1.2784
1.2370
1.1948
1.1517
1.1079
1.0635
1.0185
0.9729
0.9269
0.8805
0.8337
0.7867
0.7395
0.6921
0.6447
0.5972
0.5498
0.5024
0.4552
0.4082
0.3614
0.3149
0.2687
0.2229
0.1776
0.1327
0.0882
0.0444
0.0011
-0.0417
-0.0838
-0.1252
-0.1660
-0.2062
-0.2456
-0.2843
-0.3222
-0.3595
-0.3960
-0.4317
-0.4667
-0.5009
-0.5344
-0.5671
-0.5991
-0.6304
-0.6610
-0.6908
-0.7200
-0.7485
-0.7764
-0.8036
-0.8302
-0.8563
-0.8817
-0.9067
-0.9312
-0.9552
-0.9787
-1.0019
-1.0246
-1.0471
-1.0692
-1.0911
-1.1127
-1.1342
-1.1555
-1.1766
-1.1977
-1.2187
-1.2397
-1.2607
-1.2818
-1.3030
-1.3243
-1.3458
-1.3674
-1.3893
-1.4114
-1.4338
-1.4566
-1.4796
-1.5031
-1.5269
-1.5512
-1.5759
-1.6010
-1.6266
-1.6527
-1.6793
-1.7064
-1.7341
-1.7623
-1.7910
-1.8203
-1.8501
-1.8804
-1.9113
-1.9428
-1.9748
-2.0073
-2.0403
-2.0738
-2.1078
-2.1423
-2.1773
-2.2126
-2.2484
-2.2845
-2.3210
-2.3578
-2.3949
-2.4322
-2.4698
-2.5075
-2.5454
-2.5834
-2.6214
-2.6595
-2.6975
-2.7354
-2.7733
-2.8109
-2.8483
-2.8855
-2.9223
-2.9588
-2.9948
-3.0303
-3.0653
-3.0997
-3.1334
-3.1664
-3.1987
-3.2301
-3.2607
-3.2904
-3.3190
-3.3467
-3.3732
-3.3986
-3.4228
-3.4457
-3.4674
-3.4877
-3.5066
-3.5241
-3.5401
-3.5545
-3.5674
-3.5786
-3.5882
-3.5961
-3.6023
-3.6067
-3.6094
-3.6102
-3.6091
-3.6062
-3.6014
-3.5946
-3.5859
-3.5753
-3.5627
-3.5481
-3.5315
-3.5129
-3.4924
-3.4698
-3.4452
-3.4187
-3.3901
-3.3596
-3.3271
-3.2927
-3.2563
-3.2180
-3.1779
-3.1358
-3.0919
-3.0462
-2.9988
-2.9496
-2.8986
-2.8460
-2.7918
-2.7360
-2.6787
-2.6198
-2.5595
-2.4979
-2.4348
-2.3705
-2.3050
-2.2383
-2.1705
-2.1016
-2.0318
-1.9610
-1.8893
-1.8169
-1.7437
-1.6699
-1.5954
-1.5205
-1.4450
-1.3692
-1.2931
-1.2167
-1.1401
-1.0634
-0.9867
-0.9100
-0.8333
-0.7569
-0.6807
-0.6047
-0.5292
-0.4540
-0.3794
-0.3053
-0.2319
-0.1591
-0.0871
-0.0159
0.0545
0.1239
0.1924
0.2598
0.3261
0.3914
0.4554
0.5182
0.5797
0.6399
0.6988
0.7563
0.8123
0.8669
0.9200
0.9715
1.0215
1.0699
1.1167
1.1619
1.2055
1.2473
1.2875
1.3260
1.3628
1.3979
1.4313
1.4630
1.4929
1.5211
1.5476
1.5724
1.5954
1.6168
1.6365
1.6545
1.6709
1.6855
1.6986
1.7101
1.7199
1.7282
1.7350
1.7402
1.7440
1.7463
1.7471
1.7465
1.7446
1.7413
1.7368
1.7309
1.7238
1.7155
1.7060
1.6954
1.6837
1.6710
1.6572
1.6425
1.6268
1.6102
1.5927
1.5744
1.5553
1.5354
1.5148
1.4935
1.4716
1.4491
1.4260
1.4024
1.3782
1.3536
1.3285
1.3030
1.2771
1.2509
1.2243
1.1974
1.1703
1.1429
1.1153
1.0875
1.0595
1.0313
1.0030
0.9746
0.9461
0.9174
0.8887
0.8599
0.8311
0.8022
0.7732
0.7442
0.7152
0.6862
0.6572
0.6281
0.5990
0.5699
0.5407
0.5116
0.4824
0.4531
0.4239
0.3945
0.3652
0.3357
0.3062
0.2766
0.2469
0.2171
0.1872
0.1571
0.1269
0.0965
0.0659
0.0352
0.0043
-0.0269
-0.0583
-0.0900
-0.1219
-0.1541
-0.1867
-0.2195
-0.2526
-0.2861
-0.3200
-0.3542
-0.3888
-0.4238
-0.4593
-0.4951
-0.5313
-0.5680
-0.6052
-0.6428
-0.6809
-0.7194
-0.7584
-0.7979
-0.8378
-0.8782
-0.9192
-0.9605
-1.0024
-1.0447
-1.0875
-1.1308
-1.1745
-1.2187
-1.2632
-1.3082
-1.3536
-1.3994
-1.4456
-1.4921
-1.5389
-1.5861
-1.6335
-1.6812
-1.7291
-1.7773
-1.8256
-1.8741
-1.9227
-1.9714
-2.0201
-2.0689
-2.1177
-2.1663
-2.2149
-2.2634
-2.3117
-2.3598
-2.4076
-2.4551
-2.5023
-2.5491
-2.5954
-2.6413
-2.6866
-2.7314
-2.7755
-2.8190
-2.8617
-2.9037
-2.9448
-2.9851
-3.0245
-3.0629
-3.1003
-3.1367
-3.1719
-3.2060
-3.2389
-3.2705
-3.3008
-3.3299
-3.3575
-3.3837
-3.4084
-3.4317
-3.4534
-3.4735
-3.4920
-3.5088
-3.5239
-3.5374
-3.5490
-3.5589
-3.5670
-3.5732
-3.5776
-3.5800
-3.5806
-3.5792
-3.5759
-3.5707
-3.5634
-3.5542
-3.5430
-3.5297
-3.5145
-3.4973
-3.4780
-3.4568
-3.4336
-3.4083
-3.3811
-3.3519
-3.3207
-3.2875
-3.2525
-3.2155
-3.1767
-3.1359
-3.0934
-3.0490
-3.0028
-2.9549
-2.9052
-2.8539
-2.8010
-2.7464
-2.6903
-2.6327
-2.5736
-2.5131
-2.4512
-2.3879
-2.3234
-2.2577
-2.1909
-2.1229
-2.0538
-1.9838
-1.9129
-1.8410
-1.7684
-1.6950
-1.6209
-1.5463
-1.4710
-1.3953
-1.3191
-1.2426
-1.1658
-1.0888
-1.0116
-0.9343
-0.8569
-0.7796
-0.7025
-0.6255
-0.5487
-0.4722
-0.3961
-0.3204
-0.2452
-0.1705
-0.0965
-0.0231
0.0495
0.1214
0.1924
0.2625
0.3316
0.3998
0.4668
0.5328
0.5976
0.6612
0.7236
0.7847
0.8444
0.9028
0.9597
1.0152
1.0692
1.1217
1.1727
1.2221
1.2698
1.3160
1.3605
1.4033
1.4445
1.4839
1.5217
1.5577
1.5919
1.6244
1.6552
1.6842
1.7114
1.7369
1.7606
1.7825
1.8027
1.8211
1.8378
1.8528
1.8661
1.8776
1.8875
1.8957
1.9023
1.9072
1.9105
1.9123
1.9124
1.9111
1.9082
1.9038
1.8980
1.8908
1.8821
1.8722
1.8608
1.8482
1.8344
1.8193
1.8030
1.7855
1.7670
1.7473
1.7266
1.7049
1.6822
1.6586
1.6341
1.6087
1.5825
1.5555
1.5278
1.4993
1.4702
1.4404
1.4100
1.3790
1.3475
1.3155
1.2830
1.2500
1.2166
1.1829
1.1488
1.1144
1.0796
1.0446
1.0094
0.9739
0.9382
0.9024
0.8664
0.8303
0.7940
0.7577
0.7212
0.6848
0.6482
0.6116
0.5750
0.5384
0.5018
0.4652
0.4286
0.3921
0.3555
0.3190
0.2826
0.2461
0.2098
0.1734
0.1371
0.1009
0.0647
0.0285
-0.0077
-0.0438
-0.0798
-0.1159
-0.1519
-0.1880
-0.2240
-0.2600
-0.2961
-0.3321
-0.3682
-0.4044
-0.4406
-0.4768
-0.5131
-0.5495
-0.5860
-0.6225
-0.6592
-0.6959
-0.7328
-0.7699
-0.8070
-0.8443
-0.8818
-0.9194
-0.9571
-0.9951
-1.0332
-1.0715
-1.1100
-1.1486
-1.1875
-1.2265
-1.2658
-1.3052
-1.3448
-1.3847
-1.4247
-1.4648
-1.5052
-1.5457
-1.5864
-1.6273
-1.6682
-1.7094
-1.7506
-1.7920
-1.8335
-1.8750
-1.9166
-1.9583
-2.0000
-2.0417
-2.0834
-2.1251
-2.1668
-2.2083
-2.2498
-2.2911
-2.3323
-2.3733
-2.4141
-2.4547
-2.4950
-2.5351
-2.5747
-2.6141
-2.6530
-2.6915
-2.7296
-2.7672
-2.8042
-2.8407
-2.8765
-2.9118
-2.9463
-2.9801
-3.0132
-3.0455
-3.0770
-3.1076
-3.1374
-3.1662
-3.1940
-3.2208
-3.2465
-3.2712
-3.2947
-3.3171
-3.3384
-3.3583
-3.3771
-3.3945
-3.4106
-3.4254
-3.4388
-3.4508
-3.4613
-3.4704
-3.4779
-3.4840
-3.4885
-3.4914
-3.4928
-3.4925
-3.4906
-3.4871
-3.4819
-3.4751
-3.4665
-3.4563
-3.4443
-3.4307
-3.4153
-3.3982
-3.3793
-3.3587
-3.3364
-3.3124
-3.2866
-3.2592
-3.2300
-3.1991
-3.1665
-3.1322
-3.0963
-3.0587
-3.0195
-2.9787
-2.9363
-2.8923
-2.8468
-2.7997
-2.7512
-2.7012
-2.6497
-2.5969
-2.5427
-2.4872
-2.4303
-2.3723
-2.3130
-2.2525
-2.1908
-2.1281
-2.0644
-1.9996
-1.9339
-1.8672
-1.7997
-1.7314
-1.6623
-1.5925
-1.5220
-1.4509
-1.3792
-1.3070
-1.2344
-1.1613
-1.0879
-1.0142
-0.9402
-0.8660
-0.7917
-0.7173
-0.6429
-0.5684
-0.4941
-0.4198
-0.3458
-0.2719
-0.1984
-0.1251
-0.0523
0.0202
0.0921
0.1636
0.2345
0.3047
0.3743
0.4432
0.5113
0.5787
0.6452
0.7108
0.7756
0.8394
0.9022
0.9639
1.0246
1.0843
1.1428
1.2001
1.2563
1.3113
1.3650
1.4175
1.4687
1.5186
1.5672
1.6144
1.6603
1.7047
1.7478
1.7895
1.8298
1.8686
1.9061
1.9420
1.9765
2.0096
2.0412
2.0713
2.1000
2.1272
2.1529
2.1772
2.2000
2.2214
2.2413
2.2597
2.2768
2.2924
2.3066
2.3194
2.3308
2.3408
2.3494
2.3567
2.3626
2.3672
2.3705
2.3725
2.3732
2.3726
2.3708
2.3678
2.3635
2.3581
2.3515
2.3437
2.3347
2.3247
2.3136
2.3013
2.2880
2.2737
2.2583
2.2420
2.2246
2.2062
2.1870
2.1667
2.1456
2.1235
2.1006
2.0768
2.0521
2.0267
2.0003
1.9732
1.9453
1.9166
1.8872
1.8570
1.8261
1.7944
1.7620
1.7290
1.6952
1.6607
1.6256
1.5898
1.5534
1.5163
1.4786
1.4402
1.4013
1.3617
1.3215
1.2807
1.2393
1.1973
1.1547
1.1115
1.0678
1.0235
0.9786
0.9331
0.8871
0.8405
0.7934
0.7457
0.6975
0.6487
0.5994
0.5495
0.4991
0.4482
0.3967
0.3448
0.2923
0.2393
0.1858
0.1318
0.0773
0.0223
-0.0331
-0.0890
-0.1454
-0.2023
-0.2596
-0.3173
-0.3754
-0.4340
-0.4929
-0.5522
-0.6119
-0.6720
-0.7324
-0.7931
-0.8542
-0.9155
-0.9771
-1.0389
-1.1010
-1.1632
-1.2257
-1.2883
-1.3510
-1.4139
-1.4768
-1.5398
-1.6028
-1.6659
-1.7289
-1.7918
-1.8546
-1.9173
-1.9798
-2.0422
-2.1043
-2.1661
-2.2276
-2.2888
-2.3496
-2.4100
-2.4699
-2.5293
-2.5882
-2.6465
-2.7042
-2.7612
-2.8175
-2.8730
-2.9277
-2.9816
-3.0347
-3.0868
-3.1379
-3.1880
-3.2370
-3.2850
-3.3318
-3.3774
-3.4218
-3.4649
-3.5067
-3.5471
-3.5861
-3.6237
-3.6598
-3.6944
-3.7274
-3.7588
-3.7886
-3.8167
-3.8431
-3.8677
-3.8906
-3.9117
-3.9309
-3.9483
-3.9638
-3.9773
-3.9889
-3.9985
-4.0061
-4.0117
-4.0153
-4.0168
-4.0162
-4.0136
-4.0088
-4.0020
-3.9930
-3.9819
-3.9686
-3.9532
-3.9357
-3.9161
-3.8943
-3.8703
-3.8443
-3.8161
-3.7858
-3.7534
-3.7190
-3.6824
-3.6439
-3.6033
-3.5606
-3.5160
-3.4695
-3.4210
-3.3706
-3.3183
-3.2642
-3.2083
-3.1507
-3.0913
-3.0302
-2.9674
-2.9031
-2.8372
-2.7698
-2.7010
-2.6307
-2.5591
-2.4862
-2.4120
-2.3366
-2.2601
-2.1824
-2.1038
-2.0242
-1.9437
-1.8623
-1.7801
-1.6973
-1.6137
-1.5296
-1.4449
-1.3598
-1.2742
-1.1884
-1.1022
-1.0159
-0.9294
-0.8428
-0.7563
-0.6697
-0.5833
-0.4971
-0.4112
-0.3255
-0.2403
-0.1555
-0.0712
0.0126
0.0957
0.1781
0.2598
0.3407
0.4207
0.4998
0.5779
0.6550
0.7311
0.8059
0.8797
0.9521
1.0233
1.0932
1.1617
1.2288
1.2945
1.3587
1.4213
1.4824
1.5419
1.5998
1.6560
1.7106
1.7634
1.8145
1.8638
1.9113
1.9571
2.0010
2.0431
2.0834
2.1217
2.1583
2.1929
2.2257
2.2565
2.2855
2.3126
2.3378
2.3611
2.3825
2.4020
2.4196
2.4354
2.4493
2.4614
2.4717
2.4801
2.4867
2.4916
2.4947
2.4960
2.4957
2.4936
2.4898
2.4844
2.4774
2.4687
2.4585
2.4468
2.4335
2.4188
2.4026
2.3849
2.3659
2.3455
2.3238
2.3008
2.2765
2.2511
2.2244
2.1965
2.1676
2.1375
2.1064
2.0743
2.0412
2.0071
1.9721
1.9362
1.8995
1.8620
1.8237
1.7846
1.7449
1.7044
1.6633
1.6215
1.5792
1.5363
1.4929
1.4489
1.4045
1.3597
1.3144
1.2687
1.2227
1.1763
1.1295
1.0825
1.0352
0.9877
0.9399
0.8918
0.8436
0.7952
0.7467
0.6980
0.6491
0.6002
0.5511
0.5019
0.4527
0.4034
0.3541
0.3047
0.2552
0.2058
0.1563
0.1069
0.0574
0.0079
-0.0416
-0.0910
-0.1404
-0.1898
-0.2392
-0.2885
-0.3378
-0.3871
-0.4363
-0.4854
-0.5345
-0.5836
-0.6326
-0.6815
-0.7304
-0.7792
-0.8280
-0.8767
-0.9253
-0.9738
-1.0223
-1.0707
-1.1191
-1.1673
-1.2155
-1.2636
-1.3115
-1.3594
-1.4072
-1.4549
-1.5025
-1.5499
-1.5973
-1.6445
-1.6916
-1.7385
-1.7853
-1.8319
-1.8783
-1.9246
-1.9706
-2.0165
-2.0622
-2.1076
-2.1528
-2.1977
-2.2424
-2.2867
-2.3308
-2.3746
-2.4180
-2.4611
-2.5038
-2.5461
-2.5880
-2.6295
-2.6706
-2.7111
-2.7512
-2.7908
-2.8299
-2.8684
-2.9063
-2.9436
-2.9803
-3.0164
-3.0518
-3.0865
-3.1204
-3.1537
-3.1861
-3.2178
-3.2486
-3.2787
-3.3078
-3.3360
-3.3633
-3.3897
-3.4151
-3.4396
-3.4630
-3.4853
-3.5066
-3.5268
-3.5459
-3.5639
-3.5807
-3.5964
-3.6108
-3.6241
-3.6361
-3.6468
-3.6563
-3.6645
-3.6714
-3.6770
-3.6812
-3.6841
-3.6857
-3.6859
-3.6846
-3.6821
-3.6781
-3.6727
-3.6658
-3.6576
-3.6480
-3.6369
-3.6244
-3.6105
-3.5951
-3.5784
-3.5602
-3.5406
-3.5196
-3.4971
-3.4733
-3.4481
-3.4216
-3.3936
-3.3644
-3.3338
-3.3018
-3.2686
-3.2341
-3.1983
-3.1613
-3.1231
-3.0837
-3.0431
-3.0013
-2.9585
-2.9145
-2.8695
-2.8234
-2.7763
-2.7283
-2.6793
-2.6294
-2.5787
-2.5271
-2.4747
-2.4215
-2.3676
-2.3130
-2.2577
-2.2018
-2.1454
-2.0884
-2.0309
-1.9730
-1.9146
-1.8559
-1.7968
-1.7375
-1.6779
-1.6180
-1.5581
-1.4980
-1.4378
-1.3775
-1.3173
-1.2571
-1.1970
-1.1370
-1.0772
-1.0176
-0.9582
-0.8991
-0.8404
-0.7820
-0.7240
-0.6664
-0.6093
-0.5527
-0.4967
-0.4412
-0.3864
-0.3321
-0.2786
-0.2258
-0.1737
-0.1224
-0.0719
-0.0222
0.0267
0.0747
0.1218
0.1679
0.2131
0.2574
0.3006
0.3429
0.3841
0.4243
0.4635
0.5015
0.5385
0.5744
0.6092
0.6428
0.6753
0.7067
0.7370
0.7661
0.7940
0.8208
0.8464
0.8709
0.8941
0.9163
0.9372
0.9570
0.9756
0.9931
1.0094
1.0246
1.0386
1.0515
1.0632
1.0739
1.0834
1.0918
1.0991
1.1054
1.1105
1.1146
1.1177
1.1197
1.1207
1.1207
1.1197
1.1177
1.1148
1.1108
1.1060
1.1002
1.0935
1.0860
1.0775
1.0682
1.0581
1.0471
1.0353
1.0227
1.0093
0.9951
0.9802
0.9645
0.9482
0.9311
0.9133
0.8949
0.8757
0.8560
0.8356
0.8145
0.7929
0.7707
0.7478
0.7244
0.7005
0.6760
0.6509
0.6254
0.5993
0.5727
0.5456
0.5181
0.4900
0.4615
0.4326
0.4032
0.3733
0.3430
0.3123
0.2812
0.2497
0.2177
0.1854
0.1527
0.1196
0.0861
0.0522
0.0180
-0.0166
-0.0515
-0.0868
-0.1224
-0.1584
-0.1946
-0.2313
-0.2682
-0.3055
-0.3430
-0.3809
-0.4191
-0.4576
-0.4963
-0.5353
-0.5747
-0.6142
-0.6541
-0.6942
-0.7345
-0.7751
-0.8159
-0.8569
-0.8982
-0.9396
-0.9813
-1.0231
-1.0651
-1.1073
-1.1496
-1.1921
-1.2347
-1.2774
-1.3203
-1.3632
-1.4062
-1.4492
-1.4923
-1.5354
-1.5786
-1.6217
-1.6649
-1.7079
-1.7510
-1.7939
-1.8368
-1.8795
-1.9222
-1.9646
-2.0069
-2.0490
-2.0909
-2.1325
-2.1739
-2.2149
-2.2557
-2.2961
-2.3362
-2.3759
-2.4152
-2.4540
-2.4924
-2.5303
-2.5676
-2.6045
-2.6408
-2.6764
-2.7115
-2.7459
-2.7797
-2.8127
-2.8451
-2.8766
-2.9075
-2.9375
-2.9666
-2.9950
-3.0224
-3.0490
-3.0746
-3.0993
-3.1230
-3.1457
-3.1674
-3.1880
-3.2076
-3.2261
-3.2435
-3.2598
-3.2749
-3.2889
-3.3017
-3.3133
-3.3236
-3.3328
-3.3407
-3.3474
-3.3528
-3.3569
-3.3597
-3.3612
-3.3615
-3.3604
-3.3580
-3.3542
-3.3492
-3.3428
-3.3350
-3.3260
-3.3156
-3.3038
-3.2908
-3.2764
-3.2607
-3.2437
-3.2253
-3.2057
-3.1848
-3.1626
-3.1391
-3.1144
-3.0885
-3.0613
-3.0329
-3.0034
-2.9726
-2.9407
-2.9077
-2.8736
-2.8383
-2.8021
-2.7648
-2.7264
-2.6871
-2.6469
-2.6057
-2.5636
-2.5206
-2.4768
-2.4322
-2.3868
-2.3407
-2.2939
-2.2464
-2.1982
-2.1495
-2.1002
-2.0503
-2.0000
-1.9492
-1.8980
-1.8464
-1.7944
-1.7422
-1.6896
-1.6368
-1.5839
-1.5307
-1.4775
-1.4242
-1.3708
-1.3174
-1.2640
-1.2107
-1.1576
-1.1045
-1.0516
-0.9990
-0.9466
-0.8944
-0.8426
-0.7912
-0.7401
-0.6894
-0.6392
-0.5895
-0.5402
-0.4915
-0.4434
-0.3959
-0.3490
-0.3028
-0.2572
-0.2123
-0.1682
-0.1248
-0.0822
-0.0404
0.0006
0.0408
0.0801
0.1185
0.1561
0.1927
0.2284
0.2632
0.2970
0.3299
0.3618
0.3928
0.4227
0.4516
0.4796
0.5065
0.5324
0.5573
0.5811
0.6040
0.6257
0.6465
0.6662
0.6849
0.7026
0.7192
0.7348
0.7494
0.7629
0.7754
0.7870
0.7975
0.8070
0.8155
0.8230
0.8296
0.8352
0.8398
0.8435
0.8462
0.8480
0.8489
0.8488
0.8479
0.8461
0.8434
0.8398
0.8353
0.8301
0.8239
0.8170
0.8092
0.8007
0.7914
0.7812
0.7704
0.7587
0.7464
0.7333
0.7194
0.7049
0.6897
0.6738
0.6572
0.6399
0.6220
0.6034
0.5842
0.5644
0.5440
0.5229
0.5013
0.4790
0.4562
0.4328
0.4088
0.3843
0.3592
0.3335
0.3073
0.2806
0.2533
0.2255
0.1972
0.1683
0.1390
0.1091
0.0788
0.0479
0.0165
-0.0153
-0.0477
-0.0805
-0.1138
-0.1476
-0.1819
-0.2166
-0.2518
-0.2875
-0.3236
-0.3602
-0.3973
-0.4348
-0.4727
-0.5111
-0.5499
-0.5892
-0.6289
-0.6690
-0.7096
-0.7506
-0.7919
-0.8337
-0.8759
-0.9185
-0.9615
-1.0048
-1.0485
-1.0926
-1.1370
-1.1817
-1.2268
-1.2722
-1.3179
-1.3640
-1.4103
-1.4568
-1.5036
-1.5507
-1.5980
-1.6455
-1.6932
-1.7411
-1.7892
-1.8373
-1.8857
-1.9341
-1.9826
-2.0311
-2.0797
-2.1283
-2.1770
-2.2255
-2.2741
-2.3225
-2.3708
-2.4191
-2.4671
-2.5150
-2.5626
-2.6100
-2.6572
-2.7040
-2.7505
-2.7966
-2.8424
-2.8877
-2.9325
-2.9769
-3.0207
-3.0640
-3.1067
-3.1488
-3.1902
-3.2310
-3.2710
-3.3103
-3.3488
-3.3864
-3.4232
-3.4592
-3.4942
-3.5282
-3.5613
-3.5933
-3.6243
-3.6542
-3.6831
-3.7107
-3.7372
-3.7625
-3.7866
-3.8094
-3.8309
-3.8511
-3.8700
-3.8875
-3.9036
-3.9183
-3.9316
-3.9434
-3.9538
-3.9626
-3.9700
-3.9758
-3.9801
-3.9828
-3.9839
-3.9835
-3.9814
-3.9778
-3.9726
-3.9657
-3.9572
-3.9471
-3.9353
-3.9219
-3.9069
-3.8903
-3.8720
-3.8521
-3.8306
-3.8075
-3.7828
-3.7565
-3.7287
-3.6992
-3.6683
-3.6358
-3.6018
-3.5663
-3.5294
-3.4910
-3.4511
-3.4099
-3.3674
-3.3235
-3.2782
-3.2317
-3.1840
-3.1351
-3.0849
-3.0337
-2.9813
-2.9279
-2.8734
-2.8180
-2.7616
-2.7044
-2.6463
-2.5873
-2.5276
-2.4672
-2.4061
-2.3444
-2.2821
-2.2193
-2.1559
-2.0922
-2.0281
-1.9636
-1.8989
-1.8339
-1.7688
-1.7035
-1.6382
-1.5728
-1.5074
-1.4422
-1.3770
-1.3120
-1.2473
-1.1828
-1.1187
-1.0549
-0.9915
-0.9286
-0.8663
-0.8045
-0.7433
-0.6827
-0.6229
-0.5638
-0.5054
-0.4479
-0.3913
-0.3356
-0.2808
-0.2270
-0.1742
-0.1225
-0.0718
-0.0223
0.0261
0.0733
0.1193
0.1641
0.2076
0.2498
0.2907
0.3303
0.3685
0.4054
0.4409
0.4750
0.5077
0.5389
0.5687
0.5971
0.6240
0.6494
0.6734
0.6959
0.7169
0.7364
0.7545
0.7711
0.7862
0.7999
0.8121
0.8228
0.8321
0.8399
0.8463
0.8514
0.8550
0.8572
0.8580
0.8575
0.8556
0.8524
0.8479
0.8422
0.8351
0.8268
0.8173
0.8066
0.7947
0.7817
0.7675
0.7522
0.7359
0.7184
0.7000
0.6806
0.6601
0.6388
0.6165
0.5933
0.5692
0.5443
0.5186
0.4921
0.4648
0.4368
0.4081
0.3787
0.3486
0.3179
0.2866
0.2547
0.2223
0.1893
0.1558
0.1218
0.0873
0.0524
0.0171
-0.0187
-0.0548
-0.0913
-0.1282
-0.1654
-0.2029
-0.2407
-0.2788
-0.3171
-0.3558
-0.3946
-0.4337
-0.4730
-0.5126
-0.5523
-0.5922
-0.6324
-0.6726
-0.7131
-0.7537
-0.7945
-0.8354
-0.8765
-0.9177
-0.9591
-1.0006
-1.0423
-1.0840
-1.1259
-1.1680
-1.2102
-1.2525
-1.2950
-1.3376
-1.3803
-1.4232
-1.4662
-1.5094
-1.5527
-1.5961
-1.6398
-1.6835
-1.7274
-1.7715
-1.8158
-1.8602
-1.9048
-1.9495
-1.9944
-2.0395
-2.0847
-2.1301
-2.1757
-2.2215
-2.2674
-2.3134
-2.3597
-2.4061
-2.4526
-2.4993
-2.5462
-2.5932
-2.6403
-2.6875
-2.7348
-2.7823
-2.8298
-2.8775
-2.9252
-2.9729
-3.0207
-3.0685
-3.1163
-3.1641
-3.2119
-3.2596
-3.3073
-3.3549
-3.4023
-3.4497
-3.4968
-3.5438
-3.5905
-3.6370
-3.6833
-3.7292
-3.7748
-3.8200
-3.8648
-3.9092
-3.9531
-3.9965
-4.0394
-4.0817
-4.1234
-4.1644
-4.2047
-4.2443
-4.2831
-4.3211
-4.3583
-4.3945
-4.4299
-4.4642
-4.4975
-4.5298
-4.5609
-4.5909
-4.6197
-4.6473
-4.6736
-4.6986
-4.7223
-4.7445
-4.7653
-4.7846
-4.8024
-4.8187
-4.8333
-4.8463
-4.8577
-4.8674
-4.8753
-4.8814
-4.8858
-4.8883
-4.8890
-4.8877
-4.8846
-4.8795
-4.8725
-4.8634
-4.8524
-4.8393
-4.8242
-4.8070
-4.7878
-4.7665
-4.7431
-4.7175
-4.6899
-4.6602
-4.6284
-4.5944
-4.5584
-4.5203
-4.4800
-4.4377
-4.3933
-4.3469
-4.2984
-4.2479
-4.1955
-4.1410
-4.0846
-4.0262
-3.9660
-3.9039
-3.8400
-3.7743
-3.7069
-3.6378
-3.5670
-3.4945
-3.4206
-3.3450
-3.2681
-3.1897
-3.1099
-3.0289
-2.9466
-2.8631
-2.7785
-2.6929
-2.6062
-2.5187
-2.4303
-2.3411
-2.2511
-2.1606
-2.0694
-1.9778
-1.8858
-1.7933
-1.7007
-1.6078
-1.5148
-1.4217
-1.3287
-1.2358
-1.1431
-1.0507
-0.9586
-0.8669
-0.7758
-0.6851
-0.5952
-0.5060
-0.4175
-0.3300
-0.2434
-0.1578
-0.0733
0.0101
0.0922
0.1731
0.2526
0.3306
0.4072
0.4823
0.5557
0.6275
0.6976
0.7660
0.8325
0.8972
0.9600
1.0209
1.0797
1.1366
1.1914
1.2441
1.2947
1.3432
1.3895
1.4336
1.4755
1.5152
1.5526
1.5878
1.6208
1.6515
1.6799
1.7061
1.7301
1.7518
1.7712
1.7884
1.8035
1.8163
1.8270
1.8355
1.8419
1.8462
1.8485
1.8487
1.8469
1.8432
1.8376
1.8301
1.8207
1.8096
1.7968
1.7823
1.7661
1.7484
1.7291
1.7084
1.6863
1.6629
1.6381
1.6122
1.5850
1.5568
1.5275
1.4973
1.4662
1.4342
1.4014
1.3680
1.3339
1.2992
1.2640
1.2283
1.1923
1.1559
1.1193
1.0824
1.0454
1.0084
0.9713
0.9343
0.8973
0.8605
0.8239
0.7875
0.7514
0.7157
0.6803
0.6454
0.6110
0.5770
0.5436
0.5107
0.4785
0.4469
0.4159
0.3856
0.3560
0.3271
0.2990
0.2716
0.2449
0.2190
0.1939
0.1695
0.1458
0.1229
0.1007
0.0793
0.0586
0.0385
0.0192
0.0004
-0.0177
-0.0352
-0.0521
-0.0685
-0.0844
-0.0999
-0.1150
-0.1296
-0.1440
-0.1581
-0.1719
-0.1856
-0.1992
-0.2126
-0.2261
-0.2396
-0.2533
-0.2670
-0.2811
-0.2954
-0.3100
-0.3251
-0.3406
-0.3567
-0.3733
-0.3907
-0.4088
-0.4276
-0.4474
-0.4680
-0.4896
-0.5123
-0.5361
-0.5610
-0.5871
-0.6145
-0.6433
-0.6734
-0.7049
-0.7379
-0.7724
-0.8085
-0.8461
-0.8854
-0.9264
-0.9690
-1.0134
-1.0595
-1.1074
-1.1571
-1.2086
-1.2618
-1.3169
-1.3738
-1.4325
-1.4930
-1.5553
-1.6194
-1.6852
-1.7528
-1.8221
-1.8930
-1.9656
-2.0398
-2.1155
-2.1927
-2.2714
-2.3514
-2.4327
-2.5153
-2.5991
-2.6839
-2.7698
-2.8566
-2.9442
-3.0325
-3.1215
-3.2110
-3.3010
-3.3912
-3.4817
-3.5723
-3.6628
-3.7531
-3.8432
-3.9329
-4.0220
-4.1104
-4.1979
-4.2845
-4.3701
-4.4543
-4.5371
-4.6184
-4.6980
-4.7758
-4.8516
-4.9252
-4.9965
-5.0654
-5.1316
-5.1952
-5.2558
-5.3133
-5.3677
-5.4187
-5.4663
-5.5102
-5.5503
-5.5866
-5.6188
-5.6468
-5.6705
-5.6898
-5.7045
-5.7145
-5.7198
-5.7201
-5.7154
-5.7057
-5.6907
-5.6705
-5.6448
-5.6137
-5.5771
-5.5349
-5.4870
-5.4334
-5.3740
-5.3088
-5.2378
-5.1609
-5.0781
-4.9894
-4.8948
-4.7942
-4.6878
-4.5754
-4.4572
-4.3331
-4.2032
-4.0675
-3.9262
-3.7792
-3.6266
-3.4684
-3.3049
-3.1361
-2.9620
-2.7827
-2.5985
-2.4094
-2.2154
-2.0169
-1.8139
-1.6065
-1.3950
-1.1794
-0.9599
-0.7368
-0.5101
-0.2802
-0.0471
0.1889
0.4277
0.6689
0.9125
1.1582
1.4057
1.6549
1.9056
2.1574
2.4102
2.6637
2.9177
3.1720
3.4263
3.6803
3.9339
4.1867
4.4386
4.6892
4.9384
5.1859
5.4315
5.6748
5.9157
6.1540
6.3893
6.6215
6.8504
7.0756
7.2970
7.5144
7.7275
7.9361
8.1400
8.3391
8.5331
8.7218
8.9050
9.0826
9.2544
9.4202
9.5798
9.7332
9.8802
10.0205
10.1542
10.2810
10.4009
10.5137
10.6194
10.7178
10.8090
10.8927
10.9690
11.0378
11.0990
11.1526
11.1987
11.2370
11.2678
11.2909
11.3063
11.3142
11.3144
11.3071
11.2923
11.2700
11.2403
11.2033
11.1591
11.1077
11.0492
10.9838
10.9115
10.8326
10.7470
10.6549
10.5566
10.4520
10.3415
10.2250
10.1030
9.9754
9.8424
9.7043
9.5613
9.4135
9.2612
9.1045
8.9436
8.7788
8.6103
8.4383
8.2630
8.0847
7.9035
7.7197
7.5336
7.3453
7.1551
6.9632
6.7698
6.5753
6.3797
6.1834
5.9866
5.7894
5.5922
5.3951
5.1983
5.0022
4.8068
4.6125
4.4193
4.2276
4.0375
3.8491
3.6628
3.4787
3.2970
3.1178
2.9413
2.7676
2.5970
2.4297
2.2656
2.1050
1.9480
1.7947
1.6453
1.4999
1.3585
1.2213
1.0884
0.9597
0.8355
0.7158
0.6007
0.4901
0.3842
0.2830
0.1865
0.0948
0.0078
-0.0744
-0.1519
-0.2246
-0.2925
-0.3556
-0.4141
-0.4678
-0.5169
-0.5615
-0.6014
-0.6369
-0.6679
-0.6946
-0.7170
-0.7352
-0.7492
-0.7593
-0.7653
-0.7676
-0.7661
-0.7610
-0.7524
-0.7404
-0.7252
-0.7067
-0.6853
-0.6609
-0.6338
-0.6041
-0.5719
-0.5373
-0.5005
-0.4616
-0.4208
-0.3781
-0.3339
-0.2881
-0.2409
-0.1926
-0.1431
-0.0927
-0.0415
0.0103
0.0627
0.1155
0.1685
0.2217
0.2748
0.3278
0.3805
0.4329
0.4847
0.5359
0.5865
0.6361
0.6848
0.7325
0.7790
0.8243
0.8682
0.9108
0.9518
0.9913
1.0291
1.0653
1.0996
1.1321
1.1628
1.1915
1.2182
1.2430
1.2657
1.2863
1.3048
1.3212
1.3354
1.3476
1.3575
1.3654
1.3711
1.3746
1.3761
1.3755
1.3728
1.3680
1.3612
1.3525
1.3418
1.3292
1.3148
1.2985
1.2805
1.2609
1.2396
1.2167
1.1924
1.1666
1.1394
1.1110
1.0814
1.0506
1.0188
0.9860
0.9523
0.9178
0.8827
0.8469
0.8105
0.7737
0.7365
0.6991
0.6614
0.6237
0.5860
0.5483
0.5108
0.4736
0.4367
0.4002
0.3642
0.3288
0.2941
0.2602
0.2271
0.1948
0.1636
0.1334
0.1043
0.0764
0.0498
0.0244
0.0005
-0.0221
-0.0431
-0.0627
-0.0807
-0.0970
-0.1117
-0.1247
-0.1360
-0.1455
-0.1532
-0.1591
-0.1632
-0.1654
-0.1658
-0.1643
-0.1609
-0.1556
-0.1485
-0.1394
-0.1285
-0.1158
-0.1012
-0.0848
-0.0665
-0.0465
-0.0247
-0.0012
0.0239
0.0508
0.0793
0.1093
0.1409
0.1739
0.2084
0.2443
0.2815
0.3199
0.3596
0.4005
0.4424
0.4853
0.5292
0.5740
0.6197
0.6660
0.7131
0.7607
0.8089
0.8576
0.9066
0.9560
1.0055
1.0553
1.1051
1.1549
1.2046
1.2542
1.3036
1.3527
1.4013
1.4496
1.4973
1.5444
1.5908
1.6365
1.6814
1.7254
1.7685
1.8106
1.8516
1.8914
1.9300
1.9674
2.0035
2.0382
2.0715
2.1034
2.1337
2.1624
2.1895
2.2150
2.2388
2.2609
2.2812
2.2997
2.3164
2.3312
2.3442
2.3552
2.3644
2.3716
2.3769
2.3802
2.3816
2.3809
2.3784
2.3738
2.3672
2.3587
2.3482
2.3358
2.3214
2.3050
2.2868
2.2666
2.2446
2.2207
2.1949
2.1674
2.1381
2.1070
2.0742
2.0397
2.0035
1.9657
1.9264
1.8855
1.8431
1.7993
1.7540
1.7074
1.6595
1.6103
1.5598
1.5082
1.4555
1.4016
1.3468
1.2910
1.2342
1.1766
1.1182
1.0590
0.9991
0.9385
0.8773
0.8156
0.7534
0.6907
0.6277
0.5642
0.5005
0.4366
0.3725
0.3082
0.2438
0.1794
0.1151
0.0507
-0.0135
-0.0776
-0.1415
-0.2052
-0.2686
-0.3317
-0.3945
-0.4568
-0.5187
-0.5802
-0.6411
-0.7015
-0.7614
-0.8206
-0.8792
-0.9372
-0.9945
-1.0510
-1.1069
-1.1620
-1.2163
-1.2698
-1.3225
-1.3743
-1.4253
-1.4755
-1.5247
-1.5731
-1.6206
-1.6671
-1.7128
-1.7575
-1.8013
-1.8442
-1.8861
-1.9271
-1.9672
-2.0063
-2.0444
-2.0817
-2.1180
-2.1534
-2.1879
-2.2214
-2.2541
-2.2858
-2.3167
-2.3467
-2.3758
-2.4040
-2.4314
-2.4580
-2.4838
-2.5087
-2.5329
-2.5563
-2.5789
-2.6008
-2.6219
-2.6423
-2.6620
-2.6811
-2.6994
-2.7172
-2.7343
-2.7507
-2.7666
-2.7819
-2.7966
-2.8108
-2.8244
-2.8376
-2.8502
-2.8623
-2.8740
-2.8852
-2.8960
-2.9064
-2.9163
-2.9259
-2.9351
-2.9439
-2.9524
-2.9606
-2.9684
-2.9759
-2.9831
-2.9900
-2.9966
-3.0030
-3.0091
-3.0150
-3.0206
-3.0260
-3.0312
-3.0361
-3.0409
-3.0454
-3.0497
-3.0539
-3.0578
-3.0616
-3.0652
-3.0686
-3.0718
-3.0748
-3.0777
-3.0804
-3.0830
-3.0853
-3.0875
-3.0895
-3.0914
-3.0931
-3.0946
-3.0959
-3.0970
-3.0980
-3.0987
-3.0993
-3.0997
-3.0999
-3.0999
-3.0996
-3.0992
-3.0985
-3.0977
-3.0965
-3.0952
-3.0936
-3.0918
-3.0897
-3.0874
-3.0848
-3.0820
-3.0788
-3.0754
-3.0718
-3.0678
