training...
19.408009
16.713314
16.328672
15.926612
10.563094
9.091591
7.9180717
7.8584948
5.6859827
5.2593565
4.48313
4.404987
4.3075676
2.650292
2.5983212



3.0959
3.0468
2.9983
2.9505
2.9034
2.8571
2.8116
2.7670
2.7234
2.6807
2.6392
2.5987
2.5594
2.5213
2.4845
2.4489
2.4148
2.3820
2.3506
2.3208
2.2924
2.2656
2.2404
2.2167
2.1947
2.1744
2.1557
2.1387
2.1234
2.1098
2.0980
2.0879
2.0795
2.0729
2.0680
2.0649
2.0634
2.0637
2.0657
2.0694
2.0747
2.0816
2.0902
2.1003
2.1120
2.1252
2.1399
2.1560
2.1734
2.1922
2.2123
2.2336
2.2561
2.2797
2.3044
2.3300
2.3566
2.3840
2.4122
2.4411
2.4707
2.5008
2.5314
2.5624
2.5937
2.6252
2.6569
2.6886
2.7203
2.7519
2.7833
2.8144
2.8452
2.8754
2.9051
2.9341
2.9624
2.9898
3.0164
3.0419
3.0663
3.0895
3.1114
3.1319
3.1510
3.1686
3.1845
3.1988
3.2112
3.2218
3.2305
3.2371
3.2417
3.2442
3.2444
3.2424
3.2380
3.2313
3.2221
3.2104
3.1962
3.1793
3.1599
3.1378
3.1131
3.0856
3.0553
3.0223
2.9865
2.9479
2.9065
2.8623
2.8153
2.7654
2.7128
2.6573
2.5991
2.5381
2.4744
2.4080
2.3389
2.2672
2.1928
2.1159
2.0366
1.9547
1.8705
1.7839
1.6950
1.6040
1.5108
1.4156
1.3183
1.2192
1.1183
1.0156
0.9113
0.8055
0.6982
0.5896
0.4798
0.3688
0.2567
0.1438
0.0300
-0.0844
-0.1995
-0.3150
-0.4308
-0.5469
-0.6632
-0.7794
-0.8955
-1.0113
-1.1268
-1.2418
-1.3562
-1.4699
-1.5827
-1.6946
-1.8053
-1.9149
-2.0232
-2.1300
-2.2353
-2.3389
-2.4407
-2.5407
-2.6387
-2.7346
-2.8283
-2.9197
-3.0087
-3.0953
-3.1792
-3.2605
-3.3391
-3.4148
-3.4877
-3.5575
-3.6243
-3.6880
-3.7485
-3.8057
-3.8597
-3.9103
-3.9575
-4.0012
-4.0415
-4.0783
-4.1115
-4.1411
-4.1671
-4.1895
-4.2083
-4.2234
-4.2349
-4.2427
-4.2469
-4.2475
-4.2443
-4.2376
-4.2273
-4.2134
-4.1960
-4.1750
-4.1506
-4.1227
-4.0914
-4.0567
-4.0187
-3.9775
-3.9331
-3.8855
-3.8349
-3.7812
-3.7246
-3.6651
-3.6028
-3.5377
-3.4701
-3.3998
-3.3270
-3.2518
-3.1743
-3.0946
-3.0127
-2.9288
-2.8428
-2.7550
-2.6654
-2.5741
-2.4813
-2.3869
-2.2910
-2.1939
-2.0956
-1.9961
-1.8956
-1.7941
-1.6918
-1.5887
-1.4850
-1.3807
-1.2759
-1.1707
-1.0652
-0.9594
-0.8536
-0.7477
-0.6418
-0.5360
-0.4303
-0.3250
-0.2200
-0.1153
-0.0112
0.0924
0.1955
0.2978
0.3994
0.5002
0.6002
0.6993
0.7975
0.8946
0.9907
1.0857
1.1796
1.2724
1.3639
1.4542
1.5432
1.6309
1.7173
1.8023
1.8859
1.9682
2.0490
2.1284
2.2064
2.2828
2.3578
2.4313
2.5034
2.5739
2.6429
2.7104
2.7763
2.8408
2.9037
2.9652
3.0251
3.0835
3.1404
3.1957
3.2496
3.3020
3.3529
3.4022
3.4502
3.4966
3.5416
3.5850
3.6271
3.6677
3.7068
3.7445
3.7807
3.8155
3.8488
3.8808
3.9112
3.9403
3.9679
3.9941
4.0188
4.0421
4.0640
4.0844
4.1033
4.1208
4.1368
4.1513
4.1643
4.1758
4.1858
4.1943
4.2012
4.2066
4.2104
4.2125
4.2131
4.2120
4.2093
4.2049
4.1988
4.1910
4.1814
4.1700
4.1569
4.1419
4.1251
4.1065
4.0859
4.0634
4.0390
4.0126
3.9842
3.9538
3.9213
3.8868
3.8502
3.8115
3.7707
3.7277
3.6825
3.6352
3.5857
3.5339
3.4800
3.4238
3.3653
3.3046
3.2416
3.1764
3.1089
3.0391
2.9671
2.8928
2.8163
2.7375
2.6565
2.5733
2.4879
2.4003
2.3106
2.2188
2.1249
2.0290
1.9310
1.8310
1.7291
1.6254
1.5197
1.4123
1.3032
1.1923
1.0799
0.9659
0.8504
0.7334
0.6151
0.4956
0.3748
0.2529
0.1300
0.0061
-0.1187
-0.2443
-0.3705
-0.4974
-0.6248
-0.7526
-0.8807
-1.0091
-1.1376
-1.2661
-1.3945
-1.5227
-1.6507
-1.7783
-1.9054
-2.0320
-2.1578
-2.2829
-2.4070
-2.5302
-2.6523
-2.7732
-2.8928
-3.0111
-3.1279
-3.2431
-3.3566
-3.4684
-3.5784
-3.6864
-3.7925
-3.8965
-3.9984
-4.0980
-4.1954
-4.2904
-4.3830
-4.4732
-4.5608
-4.6459
-4.7284
-4.8083
-4.8854
-4.9599
-5.0316
-5.1006
-5.1668
-5.2302
-5.2908
-5.3487
-5.4038
-5.4561
-5.5056
-5.5525
-5.5966
-5.6380
-5.6768
-5.7129
-5.7466
-5.7777
-5.8063
-5.8326
-5.8565
-5.8782
-5.8977
-5.9152
-5.9305
-5.9440
-5.9556
-5.9655
-5.9737
-5.9804
-5.9857
-5.9897
-5.9924
-5.9941
-5.9947
-5.9946
-5.9937
-5.9921
-5.9902
-5.9878
-5.9853
-5.9826
-5.9800
-5.9776
-5.9755
-5.9738
-5.9727
-5.9723
-5.9727
-5.9741
-5.9765
-5.9802
-5.9852
-5.9917
-5.9997
-6.0095
-6.0210
-6.0345
-6.0499
-6.0675
-6.0874
-6.1095
-6.1340
-6.1610
-6.1906
-6.2228
-6.2577
-6.2954
-6.3359
-6.3793
-6.4257
-6.4749
-6.5272
-6.5825
-6.6408
-6.7021
-6.7666
-6.8340
-6.9045
-6.9780
-7.0545
-7.1340
-7.2164
-7.3017
-7.3898
-7.4807
-7.5742
-7.6704
-7.7691
-7.8703
-7.9739
-8.0797
-8.1876
-8.2976
-8.4094
-8.5231
-8.6383
-8.7551
-8.8732
-8.9925
-9.1129
-9.2341
-9.3561
-9.4786
-9.6014
-9.7244
-9.8474
-9.9702
-10.0926
-10.2145
-10.3356
-10.4556
-10.5746
-10.6921
-10.8080
-10.9222
-11.0343
-11.1443
-11.2519
-11.3568
-11.4589
-11.5580
-11.6539
-11.7464
-11.8353
-11.9203
-12.0014
-12.0782
-12.1507
-12.2186
-12.2818
-12.3401
-12.3934
-12.4414
-12.4840
-12.5211
-12.5525
-12.5781
-12.5977
-12.6113
-12.6187
-12.6198
-12.6145
-12.6027
-12.5844
-12.5594
-12.5277
-12.4892
-12.4439
-12.3918
-12.3327
-12.2668
-12.1938
-12.1140
-12.0272
-11.9335
-11.8329
-11.7254
-11.6111
-11.4901
-11.3623
-11.2279
-11.0869
-10.9395
-10.7857
-10.6256
-10.4594
-10.2871
-10.1089
-9.9250
-9.7355
-9.5405
-9.3402
-9.1348
-8.9245
-8.7094
-8.4898
-8.2658
-8.0376
-7.8055
-7.5697
-7.3304
-7.0877
-6.8421
-6.5936
-6.3425
-6.0891
-5.8336
-5.5763
-5.3174
-5.0571
-4.7958
-4.5336
-4.2709
-4.0079
-3.7448
-3.4818
-3.2194
-2.9577
-2.6969
-2.4374
-2.1793
-1.9230
-1.6686
-1.4165
-1.1668
-0.9198
-0.6757
-0.4348
-0.1972
0.0367
0.2669
0.4930
0.7150
0.9325
1.1454
1.3536
1.5568
1.7548
1.9476
2.1349
2.3166
2.4926
2.6627
2.8268
2.9849
3.1367
3.2822
3.4212
3.5538
3.6798
3.7992
3.9119
4.0178
4.1170
4.2093
4.2948
4.3735
4.4452
4.5101
4.5682
4.6194
4.6638
4.7013
4.7322
4.7563
4.7738
4.7847
4.7891
4.7871
4.7786
4.7639
4.7431
4.7161
4.6832
4.6444
4.5998
4.5497
4.4940
4.4330
4.3667
4.2953
4.2190
4.1379
4.0521
3.9619
3.8672
3.7684
3.6656
3.5589
3.4485
3.3345
3.2172
3.0966
2.9730
2.8466
2.7174
2.5857
2.4516
2.3154
2.1771
2.0369
1.8949
1.7515
1.6066
1.4605
1.3134
1.1653
1.0164
0.8669
0.7169
0.5666
0.4160
0.2655
0.1149
-0.0354
-0.1854
-0.3349
-0.4839
-0.6322
-0.7797
-0.9263
-1.0719
-1.2164
-1.3597
-1.5017
-1.6423
-1.7814
-1.9191
-2.0551
-2.1894
-2.3219
-2.4527
-2.5815
-2.7084
-2.8333
-2.9562
-3.0770
-3.1957
-3.3122
-3.4265
-3.5386
-3.6484
-3.7560
-3.8612
-3.9641
-4.0647
-4.1629
-4.2587
-4.3521
-4.4432
-4.5319
-4.6181
-4.7020
-4.7835
-4.8626
-4.9392
-5.0135
-5.0854
-5.1550
-5.2222
-5.2870
-5.3494
-5.4096
-5.4674
-5.5228
-5.5760
-5.6269
-5.6755
-5.7219
-5.7660
-5.8078
-5.8474
-5.8848
-5.9200
-5.9530
-5.9838
-6.0124
-6.0388
-6.0631
-6.0853
-6.1053
-6.1231
-6.1388
-6.1524
-6.1639
-6.1733
-6.1805
-6.1856
-6.1886
-6.1895
-6.1883
-6.1850
-6.1796
-6.1720
-6.1623
-6.1505
-6.1366
-6.1206
-6.1024
-6.0821
-6.0596
-6.0351
-6.0083
-5.9794
-5.9484
-5.9151
-5.8797
-5.8422
-5.8024
-5.7605
-5.7164
-5.6701
-5.6217
-5.5710
-5.5182
-5.4632
-5.4060
-5.3466
-5.2851
-5.2214
-5.1555
-5.0875
-5.0174
-4.9451
-4.8707
-4.7943
-4.7157
-4.6351
-4.5525
-4.4678
-4.3812
-4.2926
-4.2021
-4.1097
-4.0155
-3.9194
-3.8215
-3.7219
-3.6206
-3.5176
-3.4131
-3.3069
-3.1993
-3.0903
-2.9798
-2.8680
-2.7550
-2.6407
-2.5253
-2.4088
-2.2914
-2.1730
-2.0538
-1.9338
-1.8131
-1.6918
-1.5699
-1.4476
-1.3249
-1.2020
-1.0789
-0.9556
-0.8324
-0.7092
-0.5862
-0.4635
-0.3411
-0.2192
-0.0978
0.0229
0.1429
0.2620
0.3803
0.4975
0.6135
0.7284
0.8419
0.9541
1.0647
1.1737
1.2811
1.3867
1.4904
1.5922
1.6919
1.7895
1.8849
1.9780
2.0688
2.1571
2.2428
2.3260
2.4066
2.4844
2.5594
2.6315
2.7007
2.7670
2.8302
2.8903
2.9473
3.0011
3.0517
3.0991
3.1431
3.1839
3.2213
3.2553
3.2859
3.3130
3.3368
3.3571
3.3740
3.3874
3.3973
3.4038
3.4069
3.4065
3.4027
3.3954
3.3849
3.3709
3.3536
3.3330
3.3092
3.2821
3.2518
3.2184
3.1819
3.1424
3.0998
3.0543
3.0060
2.9548
2.9009
2.8443
2.7850
2.7233
2.6590
2.5924
2.5234
2.4523
2.3789
2.3035
2.2261
2.1468
2.0657
1.9829
1.8985
1.8125
1.7250
1.6362
1.5462
1.4550
1.3627
1.2695
1.1753
1.0804
0.9848
0.8887
0.7920
0.6949
0.5975
0.4999
0.4022
0.3045
0.2068
0.1093
0.0120
-0.0849
-0.1814
-0.2774
-0.3728
-0.4676
-0.5615
-0.6547
-0.7469
-0.8381
-0.9283
-1.0173
-1.1052
-1.1917
-1.2769
-1.3607
-1.4431
-1.5239
-1.6031
-1.6807
-1.7566
-1.8308
-1.9032
-1.9737
-2.0424
-2.1092
-2.1740
-2.2368
-2.2977
-2.3564
-2.4131
-2.4677
-2.5202
-2.5705
-2.6186
-2.6646
-2.7084
-2.7500
-2.7894
-2.8266
-2.8616
-2.8943
-2.9248
-2.9531
-2.9792
-3.0032
-3.0249
-3.0444
-3.0618
-3.0770
-3.0901
-3.1011
-3.1100
-3.1168
-3.1215
-3.1243
-3.1250
-3.1238
-3.1207
-3.1156
-3.1087
-3.0999
-3.0894
-3.0771
-3.0630
-3.0473
-3.0299
-3.0108
-2.9902
-2.9681
-2.9445
-2.9195
-2.8930
-2.8652
-2.8360
-2.8056
-2.7740
-2.7411
-2.7071
-2.6721
-2.6359
-2.5988
-2.5607
-2.5217
-2.4818
-2.4411
-2.3996
-2.3573
-2.3144
-2.2708
-2.2266
-2.1818
-2.1365
-2.0907
-2.0445
-1.9978
-1.9508
-1.9035
-1.8559
-1.8080
-1.7599
-1.7116
-1.6632
-1.6147
-1.5661
-1.5175
-1.4689
-1.4203
-1.3717
-1.3233
-1.2749
-1.2267
-1.1787
-1.1309
-1.0832
-1.0359
-0.9888
-0.9420
-0.8955
-0.8494
-0.8036
-0.7582
-0.7132
-0.6686
-0.6244
-0.5807
-0.5375
-0.4947
-0.4524
-0.4107
-0.3694
-0.3287
-0.2885
-0.2488
-0.2097
-0.1712
-0.1333
-0.0959
-0.0591
-0.0229
0.0128
0.0478
0.0822
0.1160
0.1492
0.1819
0.2139
0.2453
0.2761
0.3063
0.3359
0.3649
0.3934
0.4212
0.4484
0.4751
0.5012
0.5267
0.5516
0.5760
0.5998
0.6231
0.6458
0.6681
0.6897
0.7109
0.7316
0.7517
0.7714
0.7906
0.8093
0.8276
0.8454
0.8628
0.8797
0.8962
0.9123
0.9280
0.9433
0.9582
0.9728
0.9870
1.0009
1.0144
1.0276
1.0404
1.0530
1.0652
1.0772
1.0889
1.1004
1.1115
1.1225
1.1331
1.1436
1.1538
1.1638
1.1737
1.1833
1.1927
1.2019
1.2110
1.2199
1.2287
1.2372
1.2457
1.2539
1.2621
1.2701
1.2780
1.2857
1.2933
1.3008
1.3081
1.3154
1.3225
1.3295
1.3363
1.3431
1.3497
1.3562
1.3626
1.3688
1.3749
1.3809
1.3867
1.3923
1.3978
1.4032
1.4084
1.4134
1.4182
1.4228
1.4273
1.4315
1.4355
1.4393
1.4428
1.4461
1.4491
1.4519
1.4544
1.4565
1.4584
1.4599
1.4611
1.4619
1.4624
1.4625
1.4622
1.4615
1.4603
1.4587
1.4567
1.4542
1.4512
1.4477
1.4437
1.4391
1.4340
1.4284
1.4222
1.4153
1.4079
1.3998
1.3912
1.3818
1.3718
1.3612
1.3498
1.3378
1.3250
1.3116
1.2974
1.2824
1.2667
1.2503
1.2331
1.2151
1.1964
1.1769
1.1566
1.1355
1.1136
1.0909
1.0675
1.0432
1.0182
0.9923
0.9657
0.9383
0.9102
0.8813
0.8516
0.8212
0.7900
0.7581
0.7255
0.6922
0.6582
0.6235
0.5882
0.5523
0.5157
0.4786
0.4409
0.4026
0.3638
0.3245
0.2848
0.2446
0.2040
0.1630
0.1217
0.0800
0.0380
-0.0042
-0.0466
-0.0892
-0.1319
-0.1748
-0.2177
-0.2607
-0.3037
-0.3466
-0.3894
-0.4321
-0.4746
-0.5169
-0.5590
-0.6007
-0.6421
-0.6832
-0.7237
-0.7638
-0.8034
-0.8424
-0.8808
-0.9186
-0.9556
-0.9919
-1.0274
-1.0621
-1.0959
-1.1288
-1.1607
-1.1917
-1.2215
-1.2503
-1.2780
-1.3045
-1.3298
-1.3539
-1.3767
-1.3981
-1.4183
-1.4370
-1.4543
-1.4702
-1.4846
-1.4976
-1.5089
-1.5188
-1.5270
-1.5337
-1.5387
-1.5421
-1.5438
-1.5438
-1.5422
-1.5388
-1.5337
-1.5269
-1.5184
-1.5081
-1.4960
-1.4823
-1.4667
-1.4494
-1.4304
-1.4096
-1.3871
-1.3628
-1.3368
-1.3091
-1.2797
-1.2487
-1.2159
-1.1816
-1.1456
-1.1080
-1.0688
-1.0280
-0.9858
-0.9420
-0.8968
-0.8501
-0.8021
-0.7526
-0.7018
-0.6498
-0.5965
-0.5419
-0.4862
-0.4294
-0.3715
-0.3125
-0.2525
-0.1916
-0.1298
-0.0671
-0.0036
0.0606
0.1256
0.1912
0.2574
0.3241
0.3914
0.4591
0.5272
0.5957
0.6644
0.7334
0.8025
0.8718
0.9412
1.0106
1.0799
1.1492
1.2184
1.2873
1.3561
1.4245
1.4926
1.5604
1.6277
1.6946
1.7609
1.8266
1.8918
1.9563
2.0201
2.0832
2.1455
2.2069
2.2676
2.3273
2.3862
2.4440
2.5009
2.5568
2.6116
2.6653
2.7180
2.7695
2.8199
2.8691
2.9171
2.9639
3.0094
3.0537
3.0968
3.1386
3.1791
3.2183
3.2562
3.2927
3.3280
3.3619
3.3945
3.4258
3.4558
3.4844
3.5116
3.5376
3.5622
3.5855
3.6075
3.6282
3.6476
3.6658
3.6826
3.6982
3.7125
3.7256
3.7374
3.7480
3.7575
3.7657
3.7728
3.7787
3.7835
3.7872
3.7898
3.7913
3.7917
3.7911
3.7894
3.7868
3.7831
3.7785
3.7730
3.7664
3.7590
3.7507
3.7415
3.7314
3.7205
3.7087
3.6962
3.6828
3.6687
3.6538
3.6381
3.6217
3.6046
3.5868
3.5682
3.5490
3.5291
3.5086
3.4873
3.4655
3.4430
3.4199
3.3961
3.3717
3.3468
3.3212
3.2950
3.2682
3.2408
3.2128
3.1843
3.1551
3.1254
3.0950
3.0641
3.0326
3.0005
2.9678
2.9345
2.9006
2.8661
2.8309
2.7952
2.7589
2.7219
2.6843
2.6461
2.6072
2.5677
2.5276
2.4868
2.4453
2.4032
2.3604
2.3169
2.2728
2.2280
2.1825
2.1363
2.0895
2.0419
1.9937
1.9447
1.8951
1.8448
1.7938
1.7421
1.6897
1.6367
1.5829
1.5285
1.4734
1.4177
1.3613
1.3043
1.2467
1.1884
1.1296
1.0701
1.0101
0.9495
0.8884
0.8268
0.7647
0.7021
0.6390
0.5755
0.5117
0.4474
0.3828
0.3179
0.2527
0.1873
0.1216
0.0557
-0.0103
-0.0764
-0.1426
-0.2088
-0.2750
-0.3412
-0.4072
-0.4732
-0.5389
-0.6045
-0.6697
-0.7347
-0.7992
-0.8634
-0.9271
-0.9902
-1.0528
-1.1148
-1.1761
-1.2367
-1.2965
-1.3555
-1.4136
-1.4708
-1.5270
-1.5821
-1.6362
-1.6891
-1.7408
-1.7913
-1.8405
-1.8883
-1.9347
-1.9797
-2.0232
-2.0651
-2.1054
-2.1441
-2.1811
-2.2164
-2.2499
-2.2816
-2.3114
-2.3393
-2.3653
-2.3893
-2.4113
-2.4313
-2.4492
-2.4650
-2.4787
-2.4902
-2.4995
-2.5066
-2.5116
-2.5142
-2.5146
-2.5128
-2.5086
-2.5022
-2.4934
-2.4824
-2.4690
-2.4533
-2.4354
-2.4151
-2.3925
-2.3676
-2.3405
-2.3110
-2.2793
-2.2454
-2.2093
-2.1710
-2.1305
-2.0879
-2.0431
-1.9963
-1.9475
-1.8966
-1.8437
-1.7890
-1.7323
-1.6738
-1.6135
-1.5514
-1.4876
-1.4222
-1.3552
-1.2866
-1.2166
-1.1451
-1.0722
-0.9981
-0.9227
-0.8461
-0.7684
-0.6897
-0.6099
-0.5293
-0.4478
-0.3655
-0.2825
-0.1989
-0.1147
-0.0301
0.0550
0.1405
0.2262
0.3122
0.3982
0.4843
0.5705
0.6565
0.7424
0.8280
0.9134
0.9984
1.0829
1.1670
1.2504
1.3333
1.4154
1.4968
1.5773
1.6569
1.7356
1.8133
1.8898
1.9653
2.0396
2.1126
2.1844
2.2548
2.3238
2.3914
2.4575
2.5221
2.5851
2.6466
2.7064
2.7645
2.8209
2.8756
2.9285
2.9797
3.0290
3.0765
3.1221
3.1659
3.2078
3.2478
3.2859
3.3221
3.3563
3.3886
3.4190
3.4474
3.4740
3.4986
3.5212
3.5420
3.5608
3.5778
3.5929
3.6061
3.6175
3.6270
3.6348
3.6407
3.6449
3.6473
3.6481
3.6471
3.6445
3.6402
3.6344
3.6270
3.6181
3.6076
3.5958
3.5824
3.5677
3.5517
3.5343
3.5157
3.4958
3.4747
3.4525
3.4292
3.4048
3.3793
3.3529
3.3255
3.2972
3.2680
3.2380
3.2072
3.1757
3.1434
3.1105
3.0769
3.0428
3.0081
2.9728
2.9371
2.9010
2.8644
2.8274
2.7901
2.7525
2.7146
2.6764
2.6380
2.5994
2.5606
2.5217
2.4827
2.4436
2.4044
2.3651
2.3259
2.2866
2.2473
2.2080
2.1688
2.1296
2.0905
2.0515
2.0126
1.9737
1.9350
1.8964
1.8579
1.8195
1.7813
1.7432
1.7053
1.6674
1.6298
1.5922
1.5548
1.5176
1.4804
1.4434
1.4065
1.3698
1.3332
1.2966
1.2602
1.2239
1.1876
1.1514
1.1153
1.0793
1.0433
1.0074
0.9714
0.9355
0.8997
0.8638
0.8279
0.7920
0.7561
0.7202
0.6842
0.6481
0.6120
0.5758
0.5396
0.5032
0.4668
0.4303
0.3937
0.3569
0.3201
0.2831
0.2461
0.2089
0.1715
0.1341
0.0965
0.0588
0.0210
-0.0170
-0.0550
-0.0932
-0.1315
-0.1699
-0.2084
-0.2469
-0.2856
-0.3243
-0.3631
-0.4019
-0.4408
-0.4797
-0.5186
-0.5575
-0.5963
-0.6352
-0.6740
-0.7127
-0.7513
-0.7898
-0.8281
-0.8663
-0.9044
-0.9422
-0.9798
-1.0171
-1.0542
-1.0910
-1.1274
-1.1635
-1.1993
-1.2346
-1.2695
-1.3039
-1.3379
-1.3713
-1.4042
-1.4365
-1.4682
-1.4993
-1.5297
-1.5594
-1.5885
-1.6167
-1.6443
-1.6710
-1.6969
-1.7219
-1.7461
-1.7693
-1.7916
-1.8130
-1.8334
-1.8528
-1.8712
-1.8885
-1.9047
-1.9199
-1.9339
-1.9468
-1.9586
-1.9692
-1.9786
-1.9868
-1.9938
-1.9996
-2.0041
-2.0074
-2.0095
-2.0102
-2.0097
-2.0079
-2.0049
-2.0005
-1.9948
-1.9879
-1.9796
-1.9701
-1.9593
-1.9471
-1.9337
-1.9191
-1.9031
-1.8859
-1.8674
-1.8477
-1.8268
-1.8047
-1.7813
-1.7568
-1.7311
-1.7043
-1.6763
-1.6472
-1.6171
-1.5858
-1.5536
-1.5203
-1.4860
-1.4508
-1.4146
-1.3776
-1.3396
-1.3008
-1.2612
-1.2208
-1.1796
-1.1377
-1.0951
-1.0519
-1.0080
-0.9636
-0.9186
-0.8731
-0.8271
-0.7806
-0.7337
-0.6865
-0.6389
-0.5911
-0.5429
-0.4945
-0.4460
-0.3973
-0.3484
-0.2995
-0.2505
-0.2015
-0.1525
-0.1036
-0.0548
-0.0061
0.0424
0.0908
0.1389
0.1868
0.2344
0.2816
0.3286
0.3751
0.4213
0.4670
0.5122
0.5570
0.6012
0.6450
0.6881
0.7307
0.7726
0.8140
0.8547
0.8947
0.9340
0.9726
1.0106
1.0477
1.0842
1.1198
1.1547
1.1888
1.2221
1.2545
1.2862
1.3170
1.3470
1.3761
1.4044
1.4318
1.4583
1.4840
1.5089
1.5328
1.5559
1.5781
1.5994
1.6199
1.6395
1.6582
1.6760
1.6930
1.7091
1.7244
1.7388
1.7523
1.7650
1.7769
1.7880
1.7982
1.8076
1.8162
1.8239
1.8309
1.8371
1.8425
1.8472
1.8510
1.8542
1.8565
1.8581
1.8590
1.8592
1.8586
1.8574
1.8554
1.8527
1.8494
1.8453
1.8406
1.8353
1.8292
1.8225
1.8152
1.8072
1.7986
1.7894
1.7795
1.7691
1.7580
1.7463
1.7340
1.7211
1.7076
1.6934
1.6788
1.6635
1.6476
1.6311
1.6141
1.5965
1.5783
1.5595
1.5401
1.5202
1.4996
1.4785
1.4569
1.4346
1.4118
1.3883
1.3643
1.3398
1.3146
1.2889
1.2625
1.2356
1.2081
1.1801
1.1514
1.1222
1.0923
1.0619
1.0309
0.9993
0.9672
0.9344
0.9011
0.8672
0.8327
0.7976
0.7620
0.7258
0.6891
0.6517
0.6139
0.5755
0.5365
0.4970
0.4570
0.4165
0.3754
0.3339
0.2919
0.2494
0.2064
0.1629
0.1191
0.0748
0.0301
-0.0150
-0.0605
-0.1064
-0.1525
-0.1991
-0.2459
-0.2930
-0.3403
-0.3879
-0.4358
-0.4838
-0.5320
-0.5803
-0.6287
-0.6773
-0.7258
-0.7745
-0.8231
-0.8717
-0.9202
-0.9687
-1.0170
-1.0652
-1.1131
-1.1609
-1.2084
-1.2556
-1.3025
-1.3490
-1.3951
-1.4408
-1.4861
-1.5308
-1.5749
-1.6185
-1.6615
-1.7037
-1.7453
-1.7862
-1.8263
-1.8656
-1.9040
-1.9416
-1.9782
-2.0138
-2.0485
-2.0821
-2.1147
-2.1461
-2.1765
-2.2056
-2.2335
-2.2602
-2.2856
-2.3097
-2.3325
-2.3539
-2.3739
-2.3925
-2.4096
-2.4253
-2.4394
-2.4521
-2.4631
-2.4726
-2.4805
-2.4868
-2.4915
-2.4945
-2.4959
-2.4955
-2.4935
-2.4898
-2.4844
-2.4772
-2.4683
-2.4577
-2.4454
-2.4313
-2.4155
-2.3979
-2.3786
-2.3576
-2.3348
-2.3103
-2.2842
-2.2563
-2.2267
-2.1954
-2.1625
-2.1280
-2.0918
-2.0540
-2.0146
-1.9737
-1.9312
-1.8873
-1.8418
-1.7949
-1.7466
-1.6968
-1.6457
-1.5933
-1.5396
-1.4846
-1.4284
-1.3711
-1.3126
-1.2530
-1.1923
-1.1307
-1.0680
-1.0045
-0.9401
-0.8748
-0.8087
-0.7420
-0.6745
-0.6064
-0.5377
-0.4685
-0.3987
-0.3286
-0.2580
-0.1871
-0.1160
-0.0446
0.0270
0.0987
0.1705
0.2423
0.3141
0.3858
0.4573
0.5287
0.5999
0.6708
0.7413
0.8115
0.8812
0.9505
1.0192
1.0874
1.1550
1.2219
1.2881
1.3536
1.4183
1.4821
1.5451
1.6072
1.6683
1.7284
1.7876
1.8456
1.9026
1.9585
2.0132
2.0668
2.1191
2.1703
2.2201
2.2687
2.3159
2.3619
2.4065
2.4497
2.4915
2.5320
2.5710
2.6086
2.6447
2.6794
2.7127
2.7444
2.7747
2.8035
2.8309
2.8567
2.8810
2.9039
2.9252
2.9451
2.9635
2.9804
2.9958
3.0098
3.0223
3.0333
3.0429
3.0511
3.0578
3.0631
3.0671
3.0696
3.0708
3.0706
3.0691
3.0663
3.0621
3.0567
3.0500
3.0421
3.0329
3.0226
3.0110
2.9983
2.9844
2.9694
2.9534
2.9362
2.9180
2.8987
2.8784
2.8572
2.8349
2.8117
2.7876
2.7626
2.7367
2.7100
2.6824
2.6540
2.6248
2.5949
2.5642
2.5327
2.5006
2.4678
2.4343
2.4001
2.3654
2.3300
2.2940
2.2575
2.2204
2.1827
2.1446
2.1059
2.0668
2.0272
1.9871
1.9466
1.9056
1.8643
1.8225
1.7804
1.7379
1.6950
1.6518
1.6082
1.5643
1.5201
1.4756
1.4308
1.3857
1.3404
1.2948
1.2489
1.2028
1.1565
1.1099
1.0631
1.0161
0.9690
0.9216
0.8740
0.8263
0.7784
0.7304
0.6822
0.6339
0.5854
0.5369
0.4882
0.4394
0.3906
0.3416
0.2926
0.2435
0.1944
0.1452
0.0961
0.0469
-0.0023
-0.0515
-0.1007
-0.1498
-0.1988
-0.2478
-0.2968
-0.3456
-0.3943
-0.4429
-0.4913
-0.5396
-0.5877
-0.6355
-0.6832
-0.7306
-0.7778
-0.8247
-0.8713
-0.9175
-0.9634
-1.0090
-1.0541
-1.0989
-1.1432
-1.1870
-1.2304
-1.2732
-1.3155
-1.3573
-1.3984
-1.4389
-1.4788
-1.5180
-1.5565
-1.5943
-1.6313
-1.6675
-1.7029
-1.7375
-1.7712
-1.8040
-1.8358
-1.8667
-1.8967
-1.9256
-1.9534
-1.9802
-2.0059
-2.0305
-2.0539
-2.0761
-2.0972
-2.1170
-2.1355
-2.1527
-2.1687
-2.1833
-2.1966
-2.2084
-2.2189
-2.2280
-2.2356
-2.2418
-2.2465
-2.2497
-2.2514
-2.2515
-2.2501
-2.2472
-2.2427
-2.2366
-2.2289
-2.2196
-2.2088
-2.1963
-2.1822
-2.1664
-2.1491
-2.1301
-2.1095
-2.0873
-2.0635
-2.0380
-2.0110
-1.9823
-1.9520
-1.9202
-1.8868
-1.8518
-1.8153
-1.7772
-1.7376
-1.6965
-1.6540
-1.6100
-1.5646
-1.5177
-1.4695
-1.4199
-1.3690
-1.3168
-1.2633
-1.2085
-1.1526
-1.0955
-1.0373
-0.9779
-0.9175
-0.8561
-0.7936
-0.7302
-0.6660
-0.6008
-0.5348
-0.4681
-0.4006
-0.3324
-0.2636
-0.1942
-0.1242
-0.0537
0.0172
0.0885
0.1602
0.2323
0.3045
0.3770
0.4497
0.5225
0.5953
0.6682
0.7411
0.8138
0.8865
0.9589
1.0312
1.1032
1.1748
1.2461
1.3170
1.3874
1.4574
1.5268
1.5956
1.6637
1.7312
1.7980
1.8640
1.9293
1.9937
2.0572
2.1198
2.1815
2.2422
2.3020
2.3606
2.4182
2.4747
2.5301
2.5843
2.6373
2.6891
2.7397
2.7891
2.8371
2.8839
2.9294
2.9735
3.0163
3.0578
3.0978
3.1365
3.1738
3.2098
3.2443
3.2774
3.3090
3.3393
3.3681
3.3956
3.4216
3.4461
3.4693
3.4910
3.5114
3.5303
3.5479
3.5640
3.5788
3.5922
3.6043
3.6150
3.6243
3.6324
3.6392
3.6446
3.6488
3.6518
3.6535
3.6540
3.6533
3.6514
3.6483
3.6441
3.6388
3.6324
3.6249
3.6164
3.6068
3.5962
3.5846
3.5720
3.5585
3.5440
3.5287
3.5125
3.4954
3.4775
3.4587
3.4392
3.4189
3.3978
3.3760
3.3535
3.3304
3.3065
3.2820
3.2568
3.2311
3.2047
3.1778
3.1503
3.1223
3.0938
3.0647
3.0352
3.0051
2.9746
2.9437
2.9123
2.8805
2.8482
2.8156
2.7826
2.7492
2.7154
2.6813
2.6468
2.6120
2.5768
2.5413
2.5055
2.4693
2.4329
2.3961
2.3591
2.3217
2.2841
2.2462
2.2080
2.1695
2.1307
2.0917
2.0524
2.0129
1.9730
1.9330
1.8926
1.8520
1.8112
1.7701
1.7287
1.6871
1.6453
1.6032
1.5609
1.5183
1.4755
1.4325
1.3893
1.3458
1.3022
1.2583
1.2142
1.1699
1.1255
1.0808
1.0360
0.9910
0.9458
0.9005
0.8550
0.8095
0.7638
0.7179
0.6720
0.6260
0.5800
0.5338
0.4877
0.4415
0.3953
0.3491
0.3029
0.2568
0.2107
0.1648
0.1189
0.0731
0.0275
-0.0179
-0.0631
-0.1081
-0.1529
-0.1974
-0.2417
-0.2856
-0.3291
-0.3723
-0.4151
-0.4575
-0.4994
-0.5408
-0.5817
-0.6220
-0.6618
-0.7010
-0.7395
-0.7774
-0.8146
-0.8510
-0.8867
-0.9216
-0.9556
-0.9888
-1.0211
-1.0526
-1.0830
-1.1125
-1.1409
-1.1684
-1.1947
-1.2200
-1.2441
-1.2671
-1.2889
-1.3095
-1.3289
-1.3470
-1.3638
-1.3793
-1.3934
-1.4062
-1.4176
-1.4277
-1.4363
-1.4434
-1.4491
-1.4534
-1.4561
-1.4573
-1.4571
-1.4552
-1.4519
-1.4470
-1.4405
-1.4325
-1.4229
-1.4117
-1.3990
-1.3846
-1.3687
-1.3512
-1.3322
-1.3115
-1.2893
-1.2655
-1.2402
-1.2133
-1.1849
-1.1550
-1.1236
-1.0907
-1.0563
-1.0204
-0.9832
-0.9445
-0.9044
-0.8630
-0.8202
-0.7761
-0.7307
-0.6841
-0.6363
-0.5872
-0.5370
-0.4857
-0.4333
-0.3798
-0.3253
-0.2698
-0.2134
-0.1561
-0.0979
-0.0389
0.0209
0.0814
0.1425
0.2044
0.2668
0.3298
0.3932
0.4572
0.5215
0.5862
0.6512
0.7165
0.7820
0.8477
0.9135
0.9794
1.0452
1.1111
1.1769
1.2426
1.3081
1.3734
1.4384
1.5031
1.5675
1.6314
1.6949
1.7579
1.8204
1.8823
1.9436
2.0042
2.0641
2.1232
2.1816
2.2391
2.2958
2.3516
2.4064
2.4603
2.5131
2.5649
2.6157
2.6653
2.7139
2.7612
2.8074
2.8524
2.8961
2.9386
2.9798
3.0197
3.0583
3.0955
3.1314
3.1660
3.1991
3.2308
3.2612
3.2901
3.3176
3.3436
3.3682
3.3914
3.4131
3.4333
3.4521
3.4694
3.4853
3.4997
3.5127
3.5242
3.5343
3.5429
3.5501
3.5559
3.5602
3.5632
3.5647
3.5649
3.5637
3.5611
3.5572
3.5520
3.5454
3.5376
3.5285
3.5181
3.5064
3.4935
3.4795
3.4642
3.4477
3.4301
3.4114
3.3916
3.3706
3.3486
3.3256
3.3015
3.2765
3.2504
3.2234
3.1954
3.1666
3.1368
3.1062
3.0747
3.0424
3.0093
2.9755
2.9408
2.9055
2.8694
2.8326
2.7951
2.7570
2.7182
2.6789
2.6389
2.5984
2.5573
2.5157
2.4736
2.4310
2.3879
2.3444
2.3004
2.2560
2.2111
2.1659
2.1204
2.0744
2.0281
1.9815
1.9346
1.8874
1.8399
1.7922
1.7442
1.6960
1.6475
1.5988
1.5500
1.5009
1.4517
1.4024
1.3529
1.3032
1.2535
1.2036
1.1536
1.1036
1.0535
1.0033
0.9531
0.9028
0.8526
0.8023
0.7520
0.7017
0.6515
0.6013
0.5511
0.5010
0.4510
0.4011
0.3513
0.3016
0.2520
0.2026
0.1533
0.1042
0.0553
0.0066
-0.0419
-0.0901
-0.1382
-0.1859
-0.2334
-0.2806
-0.3275
-0.3741
-0.4203
-0.4661
-0.5116
-0.5567
-0.6014
-0.6456
-0.6894
-0.7327
-0.7755
-0.8178
-0.8596
-0.9009
-0.9416
-0.9817
-1.0211
-1.0600
-1.0982
-1.1357
-1.1726
-1.2087
-1.2441
-1.2788
-1.3126
-1.3457
-1.3780
-1.4094
-1.4400
-1.4697
-1.4985
-1.5263
-1.5533
-1.5793
-1.6042
-1.6282
-1.6512
-1.6732
-1.6941
-1.7139
-1.7326
-1.7502
-1.7667
-1.7820
-1.7962
-1.8093
-1.8211
-1.8317
-1.8412
-1.8493
-1.8563
-1.8620
-1.8664
-1.8696
-1.8715
-1.8721
-1.8714
-1.8694
-1.8661
-1.8615
-1.8556
-1.8484
-1.8398
-1.8299
-1.8187
-1.8061
-1.7923
-1.7771
-1.7606
-1.7428
-1.7238
-1.7034
-1.6817
-1.6587
-1.6345
-1.6090
-1.5823
-1.5543
-1.5251
-1.4947
-1.4631
-1.4304
-1.3964
-1.3614
-1.3252
-1.2879
-1.2496
-1.2102
-1.1698
-1.1283
-1.0859
-1.0425
-0.9982
-0.9530
-0.9070
-0.8600
-0.8123
-0.7638
-0.7145
-0.6644
-0.6137
-0.5624
-0.5103
-0.4577
-0.4046
-0.3509
-0.2967
-0.2420
-0.1869
-0.1314
-0.0756
-0.0194
0.0371
0.0938
0.1507
0.2079
0.2651
0.3225
0.3800
0.4375
0.4950
0.5525
0.6100
0.6673
0.7246
0.7817
0.8385
0.8952
0.9516
1.0077
1.0636
1.1190
1.1741
1.2288
1.2831
1.3369
1.3902
1.4430
1.4953
1.5470
1.5981
1.6486
1.6985
1.7477
1.7962
1.8441
1.8912
1.9377
1.9833
2.0282
2.0723
2.1157
2.1582
2.1999
2.2407
2.2807
2.3199
2.3582
2.3956
2.4321
2.4678
2.5025
2.5364
2.5693
2.6013
2.6324
2.6626
2.6919
2.7203
2.7477
2.7742
2.7998
2.8245
2.8483
2.8712
2.8931
2.9142
2.9343
2.9536
2.9720
2.9895
3.0061
3.0218
3.0367
3.0507
3.0639
3.0762
3.0877
3.0983
3.1082
3.1172
3.1254
3.1329
3.1395
3.1454
3.1505
3.1548
3.1584
3.1613
3.1634
3.1648
3.1655
3.1655
3.1647
3.1633
3.1612
3.1584
3.1549
3.1508
3.1460
3.1406
3.1345
3.1278
3.1204
3.1124
3.1038
3.0946
3.0847
3.0742
3.0631
3.0514
3.0391
3.0262
3.0127
2.9986
2.9839
2.9686
2.9527
2.9362
2.9191
2.9014
2.8831
2.8642
2.8448
2.8247
2.8040
2.7827
2.7608
2.7383
2.7152
2.6915
2.6672
2.6422
2.6167
2.5905
2.5637
2.5363
2.5083
2.4797
2.4504
2.4205
2.3900
2.3588
2.3270
2.2946
2.2616
2.2279
2.1936
2.1587
2.1231
2.0870
2.0502
2.0128
1.9747
1.9361
1.8969
1.8571
1.8166
1.7756
1.7340
1.6919
1.6492
1.6059
1.5621
1.5178
1.4729
1.4275
1.3817
1.3353
1.2885
1.2413
1.1936
1.1455
1.0970
1.0481
0.9989
0.9494
0.8995
0.8493
0.7989
0.7482
0.6973
0.6462
0.5950
0.5436
0.4921
0.4405
0.3888
0.3372
0.2855
0.2339
0.1824
0.1309
0.0796
0.0285
-0.0224
-0.0731
-0.1235
-0.1736
-0.2233
-0.2727
-0.3216
-0.3701
-0.4181
-0.4655
-0.5124
-0.5586
-0.6042
-0.6492
-0.6934
-0.7368
-0.7795
-0.8213
-0.8622
-0.9022
-0.9413
-0.9794
-1.0165
-1.0525
-1.0875
-1.1213
-1.1539
-1.1854
-1.2156
-1.2446
-1.2723
-1.2987
-1.3237
-1.3474
-1.3697
-1.3905
-1.4099
-1.4278
-1.4442
-1.4591
-1.4724
-1.4842
-1.4944
-1.5029
-1.5099
-1.5152
-1.5189
-1.5210
-1.5213
-1.5200
-1.5170
-1.5123
-1.5059
-1.4978
-1.4880
-1.4765
-1.4633
-1.4484
-1.4318
-1.4135
-1.3935
-1.3718
-1.3485
-1.3235
-1.2969
-1.2686
-1.2387
-1.2073
-1.1742
-1.1396
-1.1035
-1.0658
-1.0267
-0.9861
-0.9441
-0.9007
-0.8559
-0.8097
-0.7622
-0.7135
-0.6635
-0.6123
-0.5599
-0.5064
-0.4518
-0.3962
-0.3395
-0.2818
-0.2233
-0.1638
-0.1035
-0.0423
0.0195
0.0821
0.1454
0.2093
0.2737
0.3387
0.4041
0.4700
0.5363
0.6028
0.6697
0.7368
0.8041
0.8715
0.9391
1.0066
1.0742
1.1417
1.2091
1.2763
1.3433
1.4101
1.4766
1.5428
1.6086
1.6740
1.7388
1.8032
1.8670
1.9302
1.9928
2.0547
2.1159
2.1763
2.2359
2.2946
2.3525
2.4095
2.4656
2.5207
2.5748
2.6278
2.6798
2.7306
2.7804
2.8290
2.8764
2.9227
2.9677
3.0114
3.0539
3.0951
3.1351
3.1736
3.2109
3.2468
3.2813
3.3145
3.3463
3.3766
3.4056
3.4331
3.4592
3.4839
3.5071
3.5289
3.5493
3.5682
3.5857
3.6017
3.6163
3.6294
3.6411
3.6514
3.6602
3.6676
3.6736
3.6782
3.6813
3.6831
3.6835
3.6825
3.6801
3.6764
3.6713
3.6650
3.6572
3.6482
3.6379
3.6263
3.6135
3.5994
3.5841
3.5675
3.5498
3.5309
3.5108
3.4895
3.4672
3.4437
3.4191
3.3934
3.3667
3.3389
3.3101
3.2803
3.2495
3.2178
3.1850
3.1514
3.1168
3.0813
3.0450
3.0077
2.9697
2.9308
2.8911
2.8506
2.8093
2.7673
2.7245
2.6810
2.6368
2.5920
2.5464
2.5002
2.4534
2.4059
2.3579
2.3092
2.2600
2.2103
2.1600
2.1092
2.0579
2.0061
1.9538
1.9011
1.8479
1.7944
1.7404
1.6860
1.6313
1.5762
1.5208
1.4650
1.4090
1.3526
1.2960
1.2391
1.1820
1.1247
1.0672
1.0095
0.9516
0.8936
0.8354
0.7772
0.7188
0.6604
0.6019
0.5434
0.4848
0.4263
0.3678
0.3093
0.2509
0.1926
0.1344
0.0763
0.0184
-0.0394
-0.0970
-0.1543
-0.2115
-0.2683
-0.3249
-0.3812
-0.4371
-0.4927
-0.5479
-0.6027
-0.6570
-0.7110
-0.7644
-0.8173
-0.8697
-0.9216
-0.9728
-1.0235
-1.0735
-1.1229
-1.1716
-1.2195
-1.2668
-1.3132
-1.3589
-1.4038
-1.4478
-1.4910
-1.5333
-1.5746
-1.6151
-1.6545
-1.6930
-1.7304
-1.7669
-1.8022
-1.8365
-1.8696
-1.9017
-1.9325
-1.9622
-1.9908
-2.0180
-2.0441
-2.0689
-2.0924
-2.1146
-2.1356
-2.1552
-2.1734
-2.1903
-2.2058
-2.2200
-2.2327
-2.2441
-2.2540
-2.2624
-2.2695
-2.2751
-2.2792
-2.2819
-2.2831
-2.2828
-2.2810
-2.2778
-2.2731
-2.2669
-2.2592
-2.2501
-2.2395
-2.2274
-2.2138
-2.1988
-2.1823
-2.1644
-2.1450
-2.1242
-2.1020
-2.0784
-2.0535
-2.0271
-1.9994
-1.9703
-1.9399
-1.9083
-1.8753
-1.8411
-1.8056
-1.7689
-1.7310
-1.6919
-1.6517
-1.6104
-1.5680
-1.5245
-1.4799
-1.4344
-1.3879
-1.3404
-1.2920
-1.2428
-1.1927
-1.1417
-1.0900
-1.0375
-0.9843
-0.9304
-0.8759
-0.8208
-0.7651
-0.7088
-0.6520
-0.5948
-0.5372
-0.4791
-0.4207
-0.3620
-0.3029
-0.2437
-0.1842
-0.1246
-0.0648
-0.0049
0.0551
0.1151
0.1750
0.2350
0.2948
0.3546
0.4142
0.4736
0.5328
0.5918
0.6505
0.7089
0.7669
0.8246
0.8819
0.9387
0.9951
1.0511
1.1065
1.1613
1.2157
1.2694
1.3225
1.3750
1.4268
1.4780
1.5284
1.5782
1.6272
1.6755
1.7229
1.7696
1.8156
1.8606
1.9049
1.9483
1.9909
2.0326
2.0734
2.1133
2.1524
2.1905
2.2278
2.2641
2.2995
2.3339
2.3675
2.4001
2.4318
2.4625
2.4923
2.5212
2.5491
2.5761
2.6022
2.6273
2.6515
2.6748
2.6971
2.7185
2.7390
2.7586
2.7773
2.7951
2.8120
2.8280
2.8431
2.8573
2.8707
2.8832
2.8949
2.9057
2.9157
2.9248
2.9331
2.9406
2.9473
2.9532
2.9583
2.9626
2.9662
2.9690
2.9710
2.9723
2.9728
2.9726
2.9717
2.9701
2.9677
2.9647
2.9609
2.9565
2.9514
2.9456
2.9391
2.9320
2.9242
2.9157
2.9066
2.8969
2.8865
2.8755
2.8639
2.8517
2.8388
2.8253
2.8112
2.7965
2.7812
2.7653
2.7488
2.7317
2.7140
2.6957
2.6768
2.6574
2.6373
2.6167
2.5955
2.5737
2.5514
2.5285
2.5050
2.4809
2.4562
2.4310
2.4053
2.3789
2.3521
2.3246
2.2966
2.2681
2.2390
2.2093
2.1791
2.1484
2.1172
2.0854
2.0531
2.0203
1.9869
1.9531
1.9187
1.8839
1.8485
1.8127
1.7764
1.7396
1.7024
1.6648
1.6266
1.5881
1.5492
1.5098
1.4700
1.4299
1.3894
1.3485
1.3073
1.2658
1.2240
1.1818
1.1394
1.0967
1.0538
1.0107
0.9673
0.9237
0.8800
0.8362
0.7922
0.7481
0.7039
0.6596
0.6153
0.5710
0.5267
0.4824
0.4382
0.3941
0.3500
0.3061
0.2624
0.2188
0.1755
0.1324
0.0895
0.0470
0.0048
-0.0371
-0.0786
-0.1198
-0.1604
-0.2007
-0.2404
-0.2796
-0.3183
-0.3564
-0.3939
-0.4308
-0.4670
-0.5025
-0.5374
-0.5715
-0.6048
-0.6374
-0.6691
-0.7000
-0.7301
-0.7592
-0.7875
-0.8148
-0.8412
-0.8666
-0.8909
-0.9143
-0.9367
-0.9579
-0.9781
-0.9972
-1.0152
-1.0321
-1.0478
-1.0624
-1.0758
-1.0880
-1.0990
-1.1088
-1.1174
-1.1248
-1.1310
-1.1359
-1.1396
-1.1420
-1.1432
-1.1431
-1.1417
-1.1392
-1.1353
-1.1302
-1.1239
-1.1163
-1.1075
-1.0974
-1.0861
-1.0736
-1.0599
-1.0450
-1.0289
-1.0116
-0.9932
-0.9736
-0.9530
-0.9311
-0.9082
-0.8843
-0.8592
-0.8331
-0.8061
-0.7780
-0.7489
-0.7189
-0.6880
-0.6562
-0.6235
-0.5900
-0.5557
-0.5206
-0.4847
-0.4481
-0.4108
-0.3728
-0.3342
-0.2950
-0.2553
-0.2150
-0.1741
-0.1328
-0.0911
-0.0490
-0.0065
0.0364
0.0795
0.1229
0.1666
0.2104
0.2544
0.2986
0.3428
0.3871
0.4314
0.4757
0.5200
0.5642
0.6083
0.6523
0.6961
0.7396
0.7830
0.8261
0.8688
0.9113
0.9534
0.9951
1.0364
