training...
1140.946
629.1504
360.63806
313.4345
269.91516
251.3546
249.44519
219.01512
176.62784
158.33423
114.14155
95.780624
63.573



-3.7956
-3.8175
-3.8390
-3.8600
-3.8807
-3.9010
-3.9209
-3.9403
-3.9594
-3.9780
-3.9962
-4.0141
-4.0315
-4.0485
-4.0652
-4.0814
-4.0973
-4.1127
-4.1278
-4.1425
-4.1568
-4.1708
-4.1844
-4.1977
-4.2106
-4.2232
-4.2354
-4.2474
-4.2590
-4.2704
-4.2814
-4.2922
-4.3027
-4.3129
-4.3229
-4.3327
-4.3423
-4.3516
-4.3608
-4.3698
-4.3786
-4.3873
-4.3959
-4.4043
-4.4127
-4.4209
-4.4291
-4.4372
-4.4453
-4.4534
-4.4614
-4.4695
-4.4776
-4.4858
-4.4940
-4.5023
-4.5107
-4.5193
-4.5279
-4.5367
-4.5457
-4.5549
-4.5643
-4.5738
-4.5837
-4.5938
-4.6041
-4.6148
-4.6257
-4.6370
-4.6486
-4.6606
-4.6730
-4.6857
-4.6988
-4.7123
-4.7263
-4.7407
-4.7556
-4.7709
-4.7867
-4.8030
-4.8197
-4.8370
-4.8549
-4.8732
-4.8921
-4.9115
-4.9315
-4.9520
-4.9732
-4.9948
-5.0171
-5.0399
-5.0634
-5.0874
-5.1120
-5.1371
-5.1629
-5.1893
-5.2162
-5.2438
-5.2719
-5.3006
-5.3298
-5.3597
-5.3900
-5.4210
-5.4525
-5.4845
-5.5171
-5.5501
-5.5837
-5.6178
-5.6523
-5.6873
-5.7228
-5.7587
-5.7950
-5.8318
-5.8689
-5.9063
-5.9441
-5.9823
-6.0207
-6.0595
-6.0985
-6.1377
-6.1771
-6.2168
-6.2566
-6.2965
-6.3366
-6.3767
-6.4169
-6.4572
-6.4974
-6.5376
-6.5778
-6.6179
-6.6579
-6.6977
-6.7373
-6.7768
-6.8160
-6.8550
-6.8937
-6.9320
-6.9700
-7.0076
-7.0447
-7.0815
-7.1177
-7.1534
-7.1886
-7.2232
-7.2572
-7.2905
-7.3232
-7.3551
-7.3863
-7.4168
-7.4465
-7.4753
-7.5033
-7.5304
-7.5566
-7.5819
-7.6062
-7.6295
-7.6518
-7.6731
-7.6933
-7.7124
-7.7304
-7.7473
-7.7630
-7.7775
-7.7908
-7.8029
-7.8138
-7.8234
-7.8318
-7.8389
-7.8446
-7.8491
-7.8522
-7.8540
-7.8545
-7.8536
-7.8513
-7.8477
-7.8426
-7.8362
-7.8284
-7.8192
-7.8086
-7.7967
-7.7833
-7.7685
-7.7523
-7.7347
-7.7158
-7.6954
-7.6737
-7.6507
-7.6262
-7.6004
-7.5733
-7.5449
-7.5151
-7.4841
-7.4517
-7.4181
-7.3832
-7.3472
-7.3099
-7.2714
-7.2317
-7.1909
-7.1489
-7.1059
-7.0618
-7.0166
-6.9704
-6.9232
-6.8750
-6.8259
-6.7758
-6.7249
-6.6731
-6.6205
-6.5671
-6.5130
-6.4581
-6.4025
-6.3463
-6.2894
-6.2319
-6.1739
-6.1153
-6.0563
-5.9968
-5.9369
-5.8766
-5.8160
-5.7551
-5.6939
-5.6324
-5.5708
-5.5090
-5.4471
-5.3851
-5.3230
-5.2610
-5.1989
-5.1369
-5.0750
-5.0132
-4.9516
-4.8902
-4.8290
-4.7681
-4.7075
-4.6473
-4.5874
-4.5279
-4.4688
-4.4102
-4.3521
-4.2946
-4.2375
-4.1811
-4.1253
-4.0701
-4.0157
-3.9619
-3.9088
-3.8565
-3.8049
-3.7542
-3.7043
-3.6552
-3.6070
-3.5597
-3.5133
-3.4679
-3.4234
-3.3798
-3.3373
-3.2957
-3.2552
-3.2157
-3.1772
-3.1398
-3.1035
-3.0683
-3.0341
-3.0011
-2.9692
-2.9384
-2.9088
-2.8803
-2.8529
-2.8267
-2.8017
-2.7778
-2.7551
-2.7336
-2.7132
-2.6940
-2.6760
-2.6592
-2.6436
-2.6291
-2.6158
-2.6037
-2.5927
-2.5830
-2.5744
-2.5669
-2.5606
-2.5555
-2.5515
-2.5486
-2.5469
-2.5463
-2.5469
-2.5485
-2.5513
-2.5551
-2.5600
-2.5660
-2.5731
-2.5813
-2.5905
-2.6007
-2.6119
-2.6242
-2.6375
-2.6518
-2.6670
-2.6833
-2.7005
-2.7186
-2.7377
-2.7578
-2.7787
-2.8005
-2.8233
-2.8469
-2.8713
-2.8967
-2.9228
-2.9498
-2.9776
-3.0063
-3.0357
-3.0659
-3.0968
-3.1285
-3.1610
-3.1941
-3.2280
-3.2626
-3.2979
-3.3338
-3.3705
-3.4077
-3.4456
-3.4842
-3.5233
-3.5631
-3.6034
-3.6443
-3.6858
-3.7278
-3.7704
-3.8135
-3.8571
-3.9012
-3.9458
-3.9908
-4.0364
-4.0823
-4.1287
-4.1756
-4.2228
-4.2704
-4.3184
-4.3668
-4.4155
-4.4646
-4.5140
-4.5637
-4.6137
-4.6640
-4.7146
-4.7654
-4.8164
-4.8677
-4.9192
-4.9709
-5.0227
-5.0748
-5.1269
-5.1792
-5.2317
-5.2842
-5.3368
-5.3894
-5.4422
-5.4949
-5.5476
-5.6004
-5.6531
-5.7058
-5.7584
-5.8109
-5.8634
-5.9157
-5.9679
-6.0199
-6.0717
-6.1234
-6.1748
-6.2259
-6.2769
-6.3275
-6.3778
-6.4278
-6.4774
-6.5267
-6.5756
-6.6240
-6.6720
-6.7196
-6.7667
-6.8132
-6.8593
-6.9047
-6.9496
-6.9939
-7.0376
-7.0806
-7.1230
-7.1646
-7.2055
-7.2457
-7.2852
-7.3238
-7.3616
-7.3986
-7.4348
-7.4700
-7.5044
-7.5378
-7.5703
-7.6018
-7.6323
-7.6618
-7.6903
-7.7178
-7.7441
-7.7694
-7.7935
-7.8165
-7.8384
-7.8591
-7.8786
-7.8969
-7.9140
-7.9299
-7.9445
-7.9578
-7.9699
-7.9807
-7.9901
-7.9983
-8.0051
-8.0106
-8.0147
-8.0175
-8.0189
-8.0189
-8.0176
-8.0148
-8.0107
-8.0051
-7.9982
-7.9899
-7.9801
-7.9690
-7.9564
-7.9424
-7.9271
-7.9103
-7.8921
-7.8726
-7.8516
-7.8293
-7.8056
-7.7805
-7.7541
-7.7263
-7.6972
-7.6668
-7.6351
-7.6021
-7.5678
-7.5323
-7.4955
-7.4574
-7.4182
-7.3778
-7.3362
-7.2935
-7.2496
-7.2047
-7.1587
-7.1116
-7.0635
-7.0144
-6.9643
-6.9133
-6.8614
-6.8086
-6.7550
-6.7005
-6.6452
-6.5892
-6.5325
-6.4750
-6.4169
-6.3582
-6.2989
-6.2391
-6.1787
-6.1178
-6.0566
-5.9949
-5.9328
-5.8704
-5.8077
-5.7448
-5.6816
-5.6183
-5.5548
-5.4912
-5.4276
-5.3640
-5.3004
-5.2368
-5.1733
-5.1100
-5.0468
-4.9839
-4.9212
-4.8588
-4.7968
-4.7351
-4.6738
-4.6130
-4.5526
-4.4928
-4.4335
-4.3748
-4.3168
-4.2594
-4.2027
-4.1468
-4.0916
-4.0372
-3.9836
-3.9309
-3.8791
-3.8283
-3.7783
-3.7294
-3.6815
-3.6346
-3.5888
-3.5441
-3.5005
-3.4581
-3.4168
-3.3768
-3.3379
-3.3003
-3.2639
-3.2288
-3.1950
-3.1625
-3.1314
-3.1016
-3.0731
-3.0461
-3.0204
-2.9961
-2.9732
-2.9518
-2.9318
-2.9132
-2.8961
-2.8804
-2.8662
-2.8535
-2.8422
-2.8324
-2.8241
-2.8172
-2.8119
-2.8080
-2.8055
-2.8046
-2.8051
-2.8071
-2.8105
-2.8154
-2.8217
-2.8295
-2.8386
-2.8492
-2.8613
-2.8747
-2.8895
-2.9056
-2.9232
-2.9420
-2.9622
-2.9838
-3.0066
-3.0307
-3.0561
-3.0827
-3.1105
-3.1396
-3.1698
-3.2013
-3.2338
-3.2675
-3.3023
-3.3382
-3.3751
-3.4131
-3.4521
-3.4921
-3.5331
-3.5750
-3.6178
-3.6615
-3.7060
-3.7514
-3.7976
-3.8446
-3.8924
-3.9409
-3.9901
-4.0399
-4.0904
-4.1416
-4.1933
-4.2456
-4.2984
-4.3518
-4.4056
-4.4598
-4.5145
-4.5696
-4.6250
-4.6808
-4.7369
-4.7933
-4.8499
-4.9067
-4.9637
-5.0209
-5.0783
-5.1357
-5.1932
-5.2508
-5.3084
-5.3660
-5.4235
-5.4810
-5.5385
-5.5958
-5.6529
-5.7099
-5.7667
-5.8233
-5.8797
-5.9357
-5.9915
-6.0470
-6.1021
-6.1568
-6.2112
-6.2651
-6.3186
-6.3716
-6.4242
-6.4762
-6.5277
-6.5786
-6.6290
-6.6787
-6.7279
-6.7764
-6.8242
-6.8714
-6.9179
-6.9636
-7.0086
-7.0528
-7.0963
-7.1390
-7.1809
-7.2219
-7.2621
-7.3015
-7.3399
-7.3775
-7.4142
-7.4500
-7.4848
-7.5187
-7.5516
-7.5836
-7.6146
-7.6446
-7.6736
-7.7015
-7.7285
-7.7544
-7.7793
-7.8031
-7.8259
-7.8475
-7.8682
-7.8877
-7.9062
-7.9235
-7.9398
-7.9549
-7.9690
-7.9819
-7.9937
-8.0044
-8.0140
-8.0225
-8.0298
-8.0360
-8.0411
-8.0451
-8.0479
-8.0497
-8.0503
-8.0497
-8.0481
-8.0454
-8.0415
-8.0366
-8.0305
-8.0234
-8.0151
-8.0058
-7.9954
-7.9839
-7.9714
-7.9578
-7.9432
-7.9275
-7.9108
-7.8931
-7.8744
-7.8547
-7.8339
-7.8123
-7.7896
-7.7660
-7.7414
-7.7160
-7.6896
-7.6623
-7.6341
-7.6051
-7.5751
-7.5444
-7.5128
-7.4804
-7.4472
-7.4133
-7.3785
-7.3430
-7.3068
-7.2699
-7.2323
-7.1940
-7.1550
-7.1154
-7.0752
-7.0343
-6.9929
-6.9509
-6.9084
-6.8653
-6.8217
-6.7777
-6.7331
-6.6881
-6.6427
-6.5968
-6.5506
-6.5040
-6.4570
-6.4097
-6.3621
-6.3142
-6.2660
-6.2175
-6.1688
-6.1199
-6.0709
-6.0216
-5.9722
-5.9226
-5.8729
-5.8232
-5.7733
-5.7234
-5.6735
-5.6235
-5.5735
-5.5236
-5.4737
-5.4238
-5.3740
-5.3243
-5.2747
-5.2253
-5.1760
-5.1268
-5.0778
-5.0291
-4.9805
-4.9322
-4.8841
-4.8363
-4.7888
-4.7415
-4.6946
-4.6480
-4.6018
-4.5559
-4.5104
-4.4653
-4.4206
-4.3763
-4.3324
-4.2890
-4.2461
-4.2037
-4.1617
-4.1202
-4.0793
-4.0389
-3.9990
-3.9597
-3.9210
-3.8829
-3.8453
-3.8084
-3.7721
-3.7364
-3.7014
-3.6670
-3.6334
-3.6003
-3.5680
-3.5364
-3.5056
-3.4754
-3.4460
-3.4173
-3.3895
-3.3623
-3.3360
-3.3105
-3.2858
-3.2619
-3.2388
-3.2166
-3.1952
-3.1747
-3.1551
-3.1364
-3.1185
-3.1016
-3.0856
-3.0705
-3.0563
-3.0431
-3.0309
-3.0196
-3.0093
-3.0000
-2.9917
-2.9844
-2.9781
-2.9728
-2.9686
-2.9655
-2.9634
-2.9623
-2.9623
-2.9635
-2.9657
-2.9690
-2.9734
-2.9790
-2.9856
-2.9934
-3.0024
-3.0125
-3.0237
-3.0361
-3.0497
-3.0645
-3.0804
-3.0976
-3.1159
-3.1354
-3.1561
-3.1781
-3.2012
-3.2256
-3.2511
-3.2779
-3.3059
-3.3351
-3.3656
-3.3972
-3.4301
-3.4642
-3.4996
-3.5361
-3.5738
-3.6128
-3.6529
-3.6943
-3.7368
-3.7806
-3.8255
-3.8715
-3.9188
-3.9671
-4.0167
-4.0673
-4.1191
-4.1719
-4.2259
-4.2809
-4.3370
-4.3941
-4.4522
-4.5113
-4.5715
-4.6325
-4.6945
-4.7574
-4.8213
-4.8859
-4.9514
-5.0178
-5.0849
-5.1527
-5.2213
-5.2906
-5.3606
-5.4311
-5.5023
-5.5740
-5.6463
-5.7190
-5.7922
-5.8658
-5.9398
-6.0141
-6.0887
-6.1635
-6.2386
-6.3138
-6.3891
-6.4645
-6.5399
-6.6153
-6.6906
-6.7658
-6.8408
-6.9157
-6.9902
-7.0645
-7.1383
-7.2118
-7.2848
-7.3573
-7.4292
-7.5004
-7.5710
-7.6409
-7.7100
-7.7783
-7.8456
-7.9121
-7.9775
-8.0419
-8.1052
-8.1674
-8.2283
-8.2880
-8.3464
-8.4035
-8.4592
-8.5134
-8.5661
-8.6172
-8.6668
-8.7147
-8.7610
-8.8055
-8.8482
-8.8892
-8.9282
-8.9654
-9.0007
-9.0340
-9.0652
-9.0945
-9.1216
-9.1467
-9.1696
-9.1903
-9.2089
-9.2252
-9.2393
-9.2512
-9.2607
-9.2680
-9.2729
-9.2755
-9.2758
-9.2736
-9.2692
-9.2623
-9.2531
-9.2415
-9.2276
-9.2112
-9.1925
-9.1714
-9.1480
-9.1222
-9.0940
-9.0636
-9.0308
-8.9958
-8.9585
-8.9189
-8.8772
-8.8333
-8.7872
-8.7389
-8.6886
-8.6363
-8.5819
-8.5256
-8.4673
-8.4072
-8.3452
-8.2814
-8.2159
-8.1486
-8.0798
-8.0094
-7.9374
-7.8641
-7.7893
-7.7131
-7.6357
-7.5571
-7.4774
-7.3965
-7.3147
-7.2319
-7.1483
-7.0639
-6.9788
-6.8930
-6.8066
-6.7198
-6.6326
-6.5450
-6.4571
-6.3691
-6.2809
-6.1927
-6.1046
-6.0166
-5.9288
-5.8413
-5.7541
-5.6674
-5.5812
-5.4955
-5.4106
-5.3263
-5.2429
-5.1604
-5.0788
-4.9982
-4.9187
-4.8404
-4.7633
-4.6875
-4.6131
-4.5401
-4.4686
-4.3986
-4.3302
-4.2634
-4.1983
-4.1350
-4.0735
-4.0139
-3.9561
-3.9002
-3.8464
-3.7945
-3.7447
-3.6969
-3.6513
-3.6077
-3.5664
-3.5272
-3.4902
-3.4554
-3.4228
-3.3924
-3.3643
-3.3384
-3.3148
-3.2934
-3.2742
-3.2573
-3.2426
-3.2301
-3.2198
-3.2117
-3.2057
-3.2018
-3.2000
-3.2003
-3.2027
-3.2070
-3.2134
-3.2216
-3.2317
-3.2437
-3.2575
-3.2730
-3.2902
-3.3090
-3.3295
-3.3514
-3.3749
-3.3997
-3.4259
-3.4534
-3.4821
-3.5119
-3.5428
-3.5748
-3.6076
-3.6414
-3.6759
-3.7112
-3.7471
-3.7836
-3.8206
-3.8581
-3.8958
-3.9339
-3.9722
-4.0106
-4.0490
-4.0875
-4.1258
-4.1640
-4.2020
-4.2396
-4.2769
-4.3138
-4.3501
-4.3859
-4.4210
-4.4554
-4.4891
-4.5219
-4.5539
-4.5850
-4.6150
-4.6441
-4.6721
-4.6989
-4.7246
-4.7491
-4.7724
-4.7944
-4.8150
-4.8344
-4.8524
-4.8691
-4.8843
-4.8982
-4.9106
-4.9217
-4.9313
-4.9394
-4.9462
-4.9515
-4.9555
-4.9580
-4.9592
-4.9590
-4.9574
-4.9546
-4.9505
-4.9452
-4.9387
-4.9310
-4.9222
-4.9123
-4.9014
-4.8896
-4.8768
-4.8633
-4.8489
-4.8339
-4.8182
-4.8019
-4.7851
-4.7680
-4.7505
-4.7328
-4.7149
-4.6969
-4.6789
-4.6610
-4.6434
-4.6260
-4.6090
-4.5925
-4.5765
-4.5612
-4.5467
-4.5331
-4.5204
-4.5089
-4.4985
-4.4893
-4.4815
-4.4752
-4.4705
-4.4674
-4.4661
-4.4666
-4.4691
-4.4737
-4.4803
-4.4892
-4.5004
-4.5139
-4.5299
-4.5485
-4.5696
-4.5935
-4.6201
-4.6495
-4.6818
-4.7171
-4.7553
-4.7965
-4.8409
-4.8883
-4.9389
-4.9927
-5.0497
-5.1099
-5.1733
-5.2400
-5.3099
-5.3831
-5.4595
-5.5392
-5.6220
-5.7081
-5.7973
-5.8896
-5.9849
-6.0833
-6.1846
-6.2889
-6.3960
-6.5058
-6.6183
-6.7334
-6.8509
-6.9709
-7.0932
-7.2176
-7.3441
-7.4725
-7.6027
-7.7346
-7.8680
-8.0028
-8.1389
-8.2760
-8.4140
-8.5527
-8.6920
-8.8317
-8.9716
-9.1116
-9.2513
-9.3907
-9.5296
-9.6677
-9.8048
-9.9408
-10.0754
-10.2085
-10.3397
-10.4689
-10.5959
-10.7204
-10.8423
-10.9613
-11.0772
-11.1898
-11.2989
-11.4042
-11.5056
-11.6027
-11.6955
-11.7837
-11.8671
-11.9455
-12.0186
-12.0864
-12.1485
-12.2049
-12.2553
-12.2996
-12.3375
-12.3689
-12.3937
-12.4117
-12.4228
-12.4267
-12.4235
-12.4129
-12.3948
-12.3692
-12.3359
-12.2949
-12.2460
-12.1893
-12.1246
-12.0519
-11.9711
-11.8823
-11.7854
-11.6805
-11.5674
-11.4463
-11.3171
-11.1800
-11.0349
-10.8820
-10.7213
-10.5529
-10.3770
-10.1935
-10.0028
-9.8048
-9.5998
-9.3879
-9.1694
-8.9444
-8.7131
-8.4757
-8.2325
-7.9837
-7.7296
-7.4704
-7.2065
-6.9381
-6.6654
-6.3889
-6.1089
-5.8256
-5.5395
-5.2508
-4.9600
-4.6674
-4.3735
-4.0785
-3.7829
-3.4870
-3.1914
-2.8964
-2.6024
-2.3099
-2.0193
-1.7310
-1.4455
-1.1631
-0.8845
-0.6099
-0.3399
-0.0748
0.1848
0.4386
0.6860
0.9267
1.1602
1.3861
1.6039
1.8132
2.0137
2.2049
2.3864
2.5578
2.7188
2.8689
3.0079
3.1353
3.2507
3.3540
3.4448
3.5228
3.5877
3.6391
3.6770
3.7011
3.7110
3.7068
3.6880
3.6547
3.6067
3.5438
3.4659
3.3730
3.2650
3.1419
3.0037
2.8504
2.6820
2.4986
2.3003
2.0871
1.8593
1.6170
1.3604
1.0896
0.8050
0.5067
0.1951
-0.1295
-0.4667
-0.8163
-1.1779
-1.5509
-1.9350
-2.3297
-2.7346
-3.1490
-3.5725
-4.0046
-4.4446
-4.8919
-5.3459
-5.8060
-6.2715
-6.7417
-7.2159
-7.6933
-8.1733
-8.6551
-9.1379
-9.6209
-10.1033
-10.5843
-11.0631
-11.5388
-12.0105
-12.4775
-12.9388
-13.3935
-13.8408
-14.2799
-14.7097
-15.1294
-15.5382
-15.9350
-16.3191
-16.6896
-17.0454
-17.3859
-17.7100
-18.0170
-18.3059
-18.5760
-18.8263
-19.0562
-19.2646
-19.4510
-19.6144
-19.7542
-19.8696
-19.9598
-20.0243
-20.0623
-20.0731
-20.0562
-20.0110
-19.9369
-19.8334
-19.6999
-19.5361
-19.3413
-19.1154
-18.8578
-18.5682
-18.2464
-17.8921
-17.5050
-17.0850
-16.6319
-16.1457
-15.6262
-15.0734
-14.4873
-13.8681
-13.2158
-12.5305
-11.8125
-11.0619
-10.2791
-9.4644
-8.6181
-7.7406
-6.8324
-5.8940
-4.9259
-3.9287
-2.9030
-1.8495
-0.7689
0.3381
1.4707
2.6281
3.8093
5.0135
6.2397
7.4871
8.7544
10.0408
11.3451
12.6662
14.0030
15.3542
16.7188
18.0953
19.4827
20.8796
22.2846
23.6966
25.1141
26.5357
27.9601
29.3860
30.8117
32.2361
33.6575
35.0746
36.4860
37.8901
39.2856
40.6710
42.0447
43.4055
44.7518
46.0821
47.3952
48.6895
49.9636
51.2162
52.4458
53.6512
54.8310
55.9838
57.1084
58.2035
59.2679
60.3004
61.2997
62.2648
63.1945
64.0878
64.9436
65.7610
66.5388
67.2764
67.9727
68.6269
69.2382
69.8060
70.3295
70.8080
71.2410
71.6280
71.9683
72.2617
72.5078
72.7060
72.8563
72.9584
73.0120
73.0172
72.9738
72.8819
72.7414
72.5526
72.3155
72.0304
71.6976
71.3174
70.8902
70.4165
69.8967
69.3313
68.7212
68.0667
67.3688
66.6281
65.8454
65.0217
64.1577
63.2546
62.3132
61.3347
60.3200
59.2705
58.1871
57.0711
55.9238
54.7464
53.5403
52.3068
51.0474
49.7632
48.4560
47.1269
45.7777
44.4097
43.0245
41.6236
40.2085
38.7810
37.3424
35.8944
34.4386
32.9767
31.5101
30.0405
28.5695
27.0986
25.6296
24.1639
22.7032
21.2489
19.8027
18.3660
16.9405
15.5276
14.1287
12.7453
11.3789
10.0308
8.7025
7.3952
6.1102
4.8489
3.6125
2.4021
1.2190
0.0643
-1.0610
-2.1557
-3.2190
-4.2498
-5.2472
-6.2104
-7.1385
-8.0309
-8.8867
-9.7053
-10.4861
-11.2284
-11.9319
-12.5960
-13.2203
-13.8045
-14.3482
-14.8512
-15.3134
-15.7344
-16.1144
-16.4531
-16.7507
-17.0072
-17.2228
-17.3974
-17.5316
-17.6253
-17.6791
-17.6933
-17.6682
-17.6044
-17.5023
-17.3626
-17.1858
-16.9725
-16.7236
-16.4396
-16.1214
-15.7697
-15.3855
-14.9696
-14.5229
-14.0464
-13.5410
-13.0078
-12.4478
-11.8622
-11.2519
-10.6180
-9.9619
-9.2845
-8.5871
-7.8709
-7.1371
-6.3869
-5.6216
-4.8423
-4.0504
-3.2472
-2.4338
-1.6116
-0.7819
0.0542
0.8952
1.7401
2.5874
3.4360
4.2845
5.1319
5.9768
6.8180
7.6543
8.4847
9.3078
10.1226
10.9280
11.7228
12.5060
13.2766
14.0334
14.7756
15.5022
16.2121
16.9046
17.5788
18.2337
18.8687
19.4829
20.0755
20.6460
21.1935
21.7175
22.2175
22.6927
23.1428
23.5672
23.9655
24.3373
24.6823
25.0000
25.2903
25.5529
25.7875
25.9941
26.1724
26.3225
26.4442
26.5376
26.6026
26.6394
26.6480
26.6286
26.5814
26.5065
26.4043
26.2749
26.1188
25.9363
25.7276
25.4934
25.2339
24.9496
24.6412
24.3090
23.9536
23.5756
23.1757
22.7544
22.3123
21.8502
21.3687
20.8685
20.3504
19.8151
19.2633
18.6958
18.1134
17.5169
16.9071
16.2847
15.6507
15.0057
14.3508
13.6866
13.0141
12.3340
11.6472
10.9546
10.2569
9.5551
8.8499
8.1422
7.4327
6.7224
6.0119
5.3022
4.5939
3.8879
3.1849
2.4856
1.7908
1.1013
0.4176
-0.2594
-0.9292
-1.5910
-2.2443
-2.8884
-3.5228
-4.1467
-4.7599
-5.3615
-5.9512
-6.5285
-7.0929
-7.6439
-8.1812
-8.7042
-9.2128
-9.7064
-10.1848
-10.6477
-11.0948
-11.5258
-11.9405
-12.3387
-12.7203
-13.0850
-13.4327
-13.7633
-14.0768
-14.3730
-14.6520
-14.9136
-15.1580
-15.3851
-15.5949
-15.7877
-15.9633
-16.1221
-16.2640
-16.3892
-16.4980
-16.5904
-16.6668
-16.7273
-16.7721
-16.8016
-16.8160
-16.8155
-16.8006
-16.7714
-16.7284
-16.6719
-16.6022
-16.5197
-16.4248
-16.3178
-16.1992
-16.0694
-15.9287
-15.7776
-15.6165
-15.4458
-15.2660
-15.0775
-14.8807
-14.6761
-14.4642
-14.2453
-14.0200
-13.7886
-13.5517
-13.3096
-13.0629
-12.8119
-12.5571
-12.2989
-12.0378
-11.7742
-11.5085
-11.2411
-10.9724
-10.7029
-10.4329
-10.1629
-9.8931
-9.6240
-9.3559
-9.0892
-8.8243
-8.5614
-8.3009
-8.0431
-7.7883
-7.5368
-7.2888
-7.0447
-6.8047
-6.5691
-6.3380
-6.1117
-5.8904
-5.6743
-5.4635
-5.2584
-5.0589
-4.8653
-4.6777
-4.4962
-4.3210
-4.1520
-3.9895
-3.8334
-3.6839
-3.5409
-3.4046
-3.2750
-3.1520
-3.0356
-2.9259
-2.8229
-2.7265
-2.6366
-2.5533
-2.4764
-2.4060
-2.3418
-2.2839
-2.2321
-2.1864
-2.1466
-2.1125
-2.0842
-2.0614
-2.0440
-2.0319
-2.0249
-2.0229
-2.0256
-2.0330
-2.0449
-2.0610
-2.0813
-2.1054
-2.1334
-2.1648
-2.1997
-2.2377
-2.2787
-2.3226
-2.3690
-2.4179
-2.4689
-2.5220
-2.5770
-2.6336
-2.6916
-2.7509
-2.8113
-2.8727
-2.9347
-2.9973
-3.0603
-3.1234
-3.1866
-3.2497
-3.3125
-3.3749
-3.4367
-3.4977
-3.5579
-3.6171
-3.6752
-3.7320
-3.7874
-3.8413
-3.8937
-3.9444
-3.9932
-4.0403
-4.0854
-4.1284
-4.1694
-4.2082
-4.2448
-4.2792
-4.3113
-4.3411
-4.3685
-4.3935
-4.4162
-4.4364
-4.4543
-4.4698
-4.4829
-4.4936
-4.5020
-4.5081
-4.5119
-4.5135
-4.5129
-4.5101
-4.5053
-4.4985
-4.4897
-4.4790
-4.4666
-4.4524
-4.4366
-4.4192
-4.4004
-4.3803
-4.3589
-4.3363
-4.3127
-4.2881
-4.2628
-4.2367
-4.2100
-4.1828
-4.1553
-4.1275
-4.0996
-4.0717
-4.0439
-4.0163
-3.9891
-3.9624
-3.9362
-3.9108
-3.8862
-3.8626
-3.8401
-3.8187
-3.7986
-3.7799
-3.7627
-3.7471
-3.7333
-3.7212
-3.7111
-3.7029
-3.6969
-3.6930
-3.6913
-3.6920
-3.6950
-3.7005
-3.7086
-3.7192
-3.7324
-3.7484
-3.7670
-3.7884
-3.8126
-3.8396
-3.8694
-3.9021
-3.9376
-3.9760
-4.0172
-4.0613
-4.1083
-4.1580
-4.2105
-4.2658
-4.3239
-4.3846
-4.4479
-4.5139
-4.5823
-4.6532
-4.7265
-4.8022
-4.8800
-4.9600
-5.0421
-5.1262
-5.2121
-5.2998
-5.3892
-5.4801
-5.5725
-5.6661
-5.7610
-5.8569
-5.9538
-6.0515
-6.1499
-6.2488
-6.3481
-6.4477
-6.5474
-6.6471
-6.7466
-6.8458
-6.9445
-7.0426
-7.1399
-7.2363
-7.3317
-7.4258
-7.5186
-7.6099
-7.6995
-7.7873
-7.8732
-7.9571
-8.0387
-8.1179
-8.1947
-8.2689
-8.3403
-8.4088
-8.4744
-8.5369
-8.5961
-8.6521
-8.7046
-8.7536
-8.7990
-8.8407
-8.8786
-8.9126
-8.9427
-8.9688
-8.9908
-9.0088
-9.0225
-9.0321
-9.0374
-9.0384
-9.0352
-9.0276
-9.0158
-8.9996
-8.9791
-8.9543
-8.9252
-8.8918
-8.8543
-8.8125
-8.7666
-8.7167
-8.6627
-8.6047
-8.5429
-8.4772
-8.4079
-8.3349
-8.2584
-8.1785
-8.0952
-8.0088
-7.9194
-7.8269
-7.7317
-7.6339
-7.5335
-7.4307
-7.3257
-7.2187
-7.1098
-6.9992
-6.8870
-6.7735
-6.6587
-6.5429
-6.4263
-6.3090
-6.1913
-6.0733
-5.9552
-5.8371
-5.7194
-5.6022
-5.4856
-5.3699
-5.2553
-5.1419
-5.0300
-4.9197
-4.8112
-4.7047
-4.6004
-4.4984
-4.3989
-4.3022
-4.2083
-4.1175
-4.0298
-3.9455
-3.8647
-3.7875
-3.7141
-3.6446
-3.5792
-3.5179
-3.4608
-3.4081
-3.3599
-3.3162
-3.2772
-3.2429
-3.2133
-3.1886
-3.1688
-3.1539
-3.1439
-3.1390
-3.1390
-3.1440
-3.1539
-3.1689
-3.1887
-3.2135
-3.2432
-3.2776
-3.3168
-3.3606
-3.4091
-3.4619
-3.5192
-3.5808
-3.6464
-3.7161
-3.7896
-3.8668
-3.9476
-4.0317
-4.1190
-4.2093
-4.3024
-4.3981
-4.4962
-4.5964
-4.6986
-4.8024
-4.9077
-5.0141
-5.1215
-5.2295
-5.3379
-5.4464
-5.5547
-5.6626
-5.7697
-5.8758
-5.9805
-6.0836
-6.1847
-6.2835
-6.3798
-6.4732
-6.5633
-6.6500
-6.7328
-6.8115
-6.8857
-6.9552
-7.0196
-7.0786
-7.1319
-7.1793
-7.2203
-7.2548
-7.2823
-7.3028
-7.3158
-7.3211
-7.3184
-7.3075
-7.2882
-7.2601
-7.2230
-7.1768
-7.1212
-7.0559
-6.9809
-6.8958
-6.8006
-6.6951
-6.5791
-6.4525
-6.3151
-6.1669
-6.0077
-5.8375
-5.6561
-5.4635
-5.2597
-5.0446
-4.8183
-4.5806
-4.3317
-4.0715
-3.8001
-3.5175
-3.2239
-2.9192
-2.6037
-2.2773
-1.9404
-1.5929
-1.2351
-0.8672
-0.4893
-0.1017
0.2955
0.7019
1.1174
1.5415
1.9742
2.4150
2.8637
3.3199
3.7833
4.2535
4.7302
5.2129
5.7014
6.1952
6.6939
7.1970
7.7042
8.2150
8.7289
9.2455
9.7642
10.2848
10.8066
11.3291
11.8519
12.3745
12.8964
13.4170
13.9358
14.4524
14.9661
15.4766
15.9832
16.4855
16.9828
17.4748
17.9609
18.4405
18.9132
19.3785
19.8358
20.2846
20.7246
21.1550
21.5756
21.9858
22.3851
22.7732
23.1495
23.5136
23.8651
24.2036
24.5288
24.8401
25.1372
25.4198
25.6876
25.9401
26.1771
26.3983
26.6034
26.7921
26.9642
27.1195
27.2577
27.3786
27.4821
27.5680
27.6362
27.6865
27.7188
27.7331
27.7294
27.7074
27.6674
27.6092
27.5328
27.4383
27.3258
27.1954
27.0471
26.8811
26.6975
26.4964
26.2782
26.0428
25.7907
25.5220
25.2370
24.9360
24.6192
24.2870
23.9397
23.5777
23.2013
22.8109
22.4069
21.9898
21.5599
21.1178
20.6638
20.1984
19.7222
19.2356
18.7391
18.2333
17.7187
17.1957
16.6651
16.1273
15.5828
15.0324
14.4764
13.9156
13.3505
12.7816
12.2097
11.6353
11.0589
10.4812
9.9028
9.3242
8.7461
8.1691
7.5936
7.0205
6.4501
5.8831
5.3200
4.7615
4.2080
3.6601
3.1184
2.5833
2.0554
1.5351
1.0230
0.5196
0.0253
-0.4595
-0.9343
-1.3986
-1.8522
-2.2945
-2.7253
-3.1441
-3.5506
-3.9446
-4.3256
-4.6935
-5.0479
-5.3886
-5.7154
-6.0281
-6.3265
-6.6104
-6.8797
-7.1342
-7.3739
-7.5987
-7.8084
-8.0032
-8.1828
-8.3475
-8.4971
-8.6317
-8.7514
-8.8562
-8.9463
-9.0218
-9.0828
-9.1295
-9.1621
-9.1807
-9.1856
-9.1771
-9.1553
-9.1206
-9.0732
-9.0134
-8.9416
-8.8581
-8.7632
-8.6574
-8.5409
-8.4141
-8.2776
-8.1317
-7.9767
-7.8132
-7.6416
-7.4623
-7.2759
-7.0826
-6.8832
-6.6779
-6.4674
-6.2520
-6.0324
-5.8089
-5.5821
-5.3525
-5.1205
-4.8868
-4.6517
-4.4157
-4.1794
-3.9433
-3.7078
-3.4734
-3.2406
-3.0098
-2.7815
-2.5562
-2.3343
-2.1162
-1.9023
-1.6931
-1.4890
-1.2904
-1.0975
-0.9109
-0.7308
-0.5576
-0.3916
-0.2330
-0.0823
0.0604
0.1948
0.3205
0.4376
0.5456
0.6445
0.7340
0.8141
0.8845
0.9452
0.9960
1.0370
1.0680
1.0891
1.1001
1.1011
1.0922
1.0733
1.0445
1.0059
0.9577
0.8998
0.8325
0.7560
0.6703
0.5757
0.4723
0.3605
0.2404
0.1123
-0.0236
-0.1668
-0.3172
-0.4745
-0.6382
-0.8080
-0.9837
-1.1648
-1.3509
-1.5416
-1.7366
-1.9355
-2.1378
-2.3430
-2.5509
-2.7608
-2.9724
-3.1853
-3.3989
-3.6127
-3.8265
-4.0396
-4.2516
-4.4620
-4.6704
-4.8763
-5.0793
-5.2788
-5.4745
-5.6658
-5.8523
-6.0335
-6.2091
-6.3786
-6.5416
-6.6976
-6.8463
-6.9872
-7.1200
-7.2442
-7.3596
-7.4658
-7.5624
-7.6491
-7.7255
-7.7915
-7.8467
-7.8909
-7.9237
-7.9450
-7.9546
-7.9522
-7.9376
-7.9107
-7.8714
-7.8195
-7.7550
-7.6776
-7.5873
-7.4842
-7.3681
-7.2390
-7.0970
-6.9420
-6.7741
-6.5934
-6.3999
-6.1937
-5.9750
-5.7439
-5.5006
-5.2451
-4.9777
-4.6987
-4.4082
-4.1065
-3.7938
-3.4704
-3.1367
-2.7928
-2.4391
-2.0761
-1.7039
-1.3230
-0.9337
-0.5365
-0.1316
0.2804
0.6991
1.1242
1.5551
1.9916
2.4330
2.8789
3.3290
3.7826
4.2394
4.6989
5.1605
5.6238
6.0884
6.5538
7.0194
7.4847
7.9494
8.4130
8.8749
9.3347
9.7919
10.2461
10.6969
11.1438
11.5863
12.0240
12.4566
12.8836
13.3046
13.7192
14.1272
14.5280
14.9214
15.3071
15.6846
16.0539
16.4144
16.7660
17.1084
17.4415
17.7649
18.0784
18.3819
18.6753
18.9583
19.2309
19.4929
19.7443
19.9849
20.2148
20.4338
20.6421
20.8395
21.0262
21.2021
21.3674
21.5221
21.6664
21.8003
21.9240
22.0376
22.1414
22.2356
22.3203
22.3958
22.4624
22.5202
22.5697
22.6111
22.6447
22.6708
22.6898
22.7020
22.7079
22.7077
22.7019
22.6910
22.6752
22.6550
22.6309
22.6033
22.5727
22.5395
22.5041
22.4671
22.4289
22.3899
22.3507
22.3117
22.2735
22.2364
22.2009
22.1677
22.1370
22.1094
22.0854
22.0653
22.0498
22.0391
22.0338
22.0343
22.0411
22.0544
22.0748
22.1026
22.1382
22.1820
22.2344
22.2956
22.3660
22.4459
22.5357
22.6355
22.7457
22.8665
22.9981
23.1407
23.2946
23.4599
23.6367
23.8251
24.0254
24.2375
24.4616
24.6976
24.9457
25.2058
25.4778
25.7619
26.0578
26.3656
26.6851
27.0161
27.3586
27.7124
28.0772
28.4529
28.8392
29.2359
29.6427
30.0593
30.4854
30.9207
31.3647
31.8172
32.2778
32.7459
33.2213
33.7035
34.1919
34.6862
35.1859
35.6905
36.1993
36.7120
37.2279
37.7466
38.2674
38.7898
39.3133
39.8371
40.3608
40.8838
41.4053
41.9249
42.4419
42.9557
43.4657
43.9712
44.4716
44.9664
45.4548
45.9363
46.4103
46.8762
47.3333
47.7810
48.2189
48.6462
49.0624
49.4670
49.8594
50.2391
50.6054
50.9580
51.2963
51.6197
51.9279
52.2204
52.4967
52.7564
52.9991
53.2243
53.4318
53.6211
53.7920
53.9441
54.0770
54.1907
54.2847
54.3588
54.4129
54.4468
54.4602
54.4531
54.4253
54.3767
54.3073
54.2170
54.1057
53.9736
53.8205
53.6466
53.4519
53.2365
53.0005
52.7440
52.4673
52.1704
51.8536
51.5172
51.1612
50.7862
50.3922
49.9796
49.5488
49.1002
48.6339
48.1506
47.6505
47.1340
46.6017
46.0540
45.4912
44.9140
44.3229
43.7182
43.1006
42.4706
41.8287
41.1755
40.5116
39.8375
39.1538
38.4611
37.7601
37.0512
36.3352
35.6126
34.8840
34.1501
33.4115
32.6688
31.9226
31.1735
30.4222
29.6693
28.9154
28.1612
27.4071
26.6538
25.9019
25.1520
24.4047
23.6605
22.9200
22.1838
21.4524
20.7263
20.0060
19.2921
18.5851
17.8854
17.1935
16.5098
15.8349
15.1691
14.5128
13.8664
13.2304
12.6050
11.9907
11.3877
10.7963
10.2169
9.6497
9.0950
8.5531
8.0240
7.5081
7.0056
6.5166
6.0412
5.5795
5.1318
4.6981
4.2784
3.8728
3.4814
3.1041
2.7411
2.3922
2.0574
1.7368
1.4301
1.1374
0.8586
0.5935
0.3420
0.1040
-0.1207
-0.3322
-0.5308
-0.7165
-0.8898
-1.0506
-1.1994
-1.3363
-1.4616
-1.5755
-1.6784
-1.7705
-1.8521
-1.9234
-1.9849
-2.0368
-2.0794
-2.1131
-2.1382
-2.1550
-2.1639
-2.1652
-2.1592
-2.1464
-2.1270
-2.1014
-2.0700
-2.0331
-1.9911
-1.9443
-1.8930
-1.8377
-1.7786
-1.7162
-1.6507
-1.5824
-1.5118
-1.4391
-1.3647
-1.2889
-1.2119
-1.1342
-1.0559
-0.9774
-0.8990
-0.8210
-0.7436
-0.6670
-0.5916
-0.5175
-0.4450
-0.3744
-0.3058
-0.2395
-0.1756
-0.1144
-0.0560
-0.0006
0.0517
0.1007
0.1463
0.1883
0.2266
0.2612
0.2918
0.3185
0.3412
0.3598
0.3742
0.3844
0.3903
0.3920
0.3894
0.3825
0.3713
0.3558
0.3361
0.3121
0.2839
0.2516
0.2151
0.1747
0.1302
0.0818
0.0296
-0.0263
-0.0858
-0.1489
-0.2154
-0.2852
-0.3582
-0.4343
-0.5133
-0.5952
-0.6797
-0.7667
-0.8561
-0.9478
-1.0416
-1.1373
-1.2347
-1.3339
-1.4344
-1.5363
-1.6394
-1.7434
-1.8483
-1.9538
-2.0598
-2.1662
-2.2728
-2.3794
-2.4858
-2.5920
-2.6977
-2.8029
-2.9073
-3.0108
-3.1133
-3.2146
-3.3146
-3.4131
-3.5100
-3.6053
-3.6987
-3.7902
-3.8796
-3.9668
-4.0517
-4.1342
-4.2143
-4.2918
-4.3666
-4.4387
-4.5079
-4.5743
-4.6376
-4.6980
-4.7553
-4.8094
-4.8604
-4.9082
-4.9527
-4.9939
-5.0318
-5.0663
-5.0976
-5.1255
-5.1500
-5.1712
-5.1891
-5.2036
-5.2148
-5.2227
-5.2274
-5.2288
-5.2270
-5.2221
-5.2140
-5.2029
-5.1888
-5.1717
-5.1518
-5.1290
-5.1034
-5.0752
-5.0443
-5.0109
-4.9750
-4.9368
-4.8963
-4.8536
-4.8088
-4.7619
-4.7132
-4.6626
-4.6103
-4.5563
-4.5009
-4.4440
-4.3858
-4.3264
-4.2659
-4.2044
-4.1420
-4.0788
-4.0149
-3.9504
-3.8854
-3.8201
-3.7545
-3.6888
-3.6230
-3.5572
-3.4916
-3.4262
-3.3612
-3.2966
-3.2325
-3.1691
-3.1063
-3.0444
-2.9834
-2.9234
-2.8644
-2.8066
-2.7500
-2.6947
-2.6408
-2.5883
-2.5374
-2.4880
-2.4403
-2.3942
-2.3499
-2.3075
-2.2669
-2.2282
-2.1914
-2.1567
-2.1240
-2.0934
-2.0648
-2.0385
-2.0142
-1.9922
-1.9724
-1.9548
-1.9394
-1.9263
-1.9154
-1.9069
-1.9005
-1.8965
-1.8947
-1.8951
-1.8978
-1.9028
-1.9099
-1.9193
-1.9308
-1.9445
-1.9604
-1.9784
-1.9984
-2.0205
-2.0446
-2.0707
-2.0987
-2.1286
-2.1604
-2.1941
-2.2294
-2.2665
-2.3053
-2.3457
-2.3877
-2.4312
-2.4762
-2.5226
-2.5703
-2.6194
-2.6697
-2.7211
-2.7737
-2.8273
-2.8820
-2.9376
-2.9940
-3.0513
-3.1093
-3.1680
-3.2273
-3.2872
-3.3475
-3.4083
-3.4695
-3.5310
-3.5927
-3.6546
-3.7166
-3.7787
-3.8407
-3.9027
-3.9646
-4.0263
-4.0877
-4.1489
-4.2097
-4.2700
-4.3299
-4.3893
-4.4481
-4.5063
-4.5638
-4.6206
-4.6766
-4.7318
-4.7862
-4.8396
-4.8920
-4.9435
-4.9940
-5.0433
-5.0916
-5.1387
-5.1846
-5.2294
-5.2729
-5.3151
-5.3560
-5.3955
-5.4338
-5.4706
-5.5061
-5.5401
-5.5727
-5.6038
-5.6335
-5.6616
-5.6883
-5.7134
-5.7371
-5.7592
-5.7797
-5.7988
-5.8162
-5.8322
-5.8465
-5.8594
-5.8706
-5.8804
-5.8886
-5.8952
-5.9003
-5.9039
-5.9060
-5.9066
-5.9057
-5.9033
-5.8995
-5.8942
-5.8875
-5.8794
-5.8698
-5.8590
-5.8467
-5.8331
-5.8182
-5.8020
-5.7846
-5.7659
-5.7460
-5.7250
-5.7027
-5.6794
-5.6549
-5.6294
-5.6028
-5.5752
-5.5466
-5.5171
-5.4867
-5.4554
-5.4232
-5.3902
-5.3565
-5.3219
-5.2867
-5.2508
-5.2142
-5.1771
-5.1393
-5.1010
-5.0622
-5.0230
-4.9833
-4.9432
-4.9027
-4.8619
-4.8208
-4.7795
-4.7379
-4.6961
-4.6542
-4.6122
-4.5701
-4.5280
-4.4858
-4.4436
-4.4015
-4.3595
-4.3176
-4.2759
-4.2343
-4.1930
-4.1519
-4.1110
-4.0705
-4.0303
-3.9905
-3.9510
-3.9120
-3.8735
-3.8354
-3.7978
-3.7607
-3.7242
-3.6883
-3.6529
-3.6182
-3.5842
-3.5508
-3.5181
-3.4861
-3.4548
-3.4243
-3.3945
-3.3656
-3.3374
-3.3100
-3.2835
-3.2578
-3.2330
-3.2091
-3.1860
-3.1638
-3.1426
-3.1223
-3.1029
-3.0844
-3.0669
-3.0503
-3.0347
-3.0200
-3.0063
-2.9936
-2.9819
-2.9711
-2.9614
-2.9526
-2.9448
-2.9379
-2.9321
-2.9272
-2.9233
-2.9204
-2.9185
-2.9175
-2.9175
-2.9185
-2.9204
-2.9233
-2.9271
-2.9319
-2.9375
-2.9441
-2.9516
-2.9600
-2.9693
-2.9795
-2.9906
-3.0025
-3.0153
-3.0289
-3.0433
-3.0586
-3.0746
-3.0915
-3.1091
-3.1275
-3.1466
-3.1665
-3.1871
-3.2084
-3.2304
-3.2531
-3.2764
-3.3004
-3.3251
-3.3503
-3.3762
-3.4026
-3.4297
-3.4573
-3.4854
-3.5141
-3.5433
-3.5730
-3.6031
-3.6338
-3.6649
-3.6964
-3.7284
-3.7608
-3.7936
-3.8268
-3.8603
-3.8942
-3.9284
-3.9630
-3.9979
-4.0331
-4.0685
-4.1043
-4.1403
-4.1765
-4.2130
-4.2498
-4.2867
-4.3238
-4.3611
-4.3986
-4.4363
-4.4741
-4.5120
-4.5501
-4.5883
-4.6266
-4.6650
-4.7035
-4.7421
-4.7807
-4.8194
-4.8582
-4.8970
-4.9358
-4.9746
-5.0135
-5.0523
-5.0912
-5.1300
-5.1688
-5.2076
-5.2463
-5.2850
-5.3236
-5.3621
-5.4006
-5.4389
-5.4772
-5.5154
-5.5534
-5.5914
-5.6292
-5.6668
-5.7043
-5.7416
-5.7788
-5.8158
-5.8526
-5.8892
-5.9256
-5.9618
-5.9977
-6.0334
-6.0689
-6.1041
-6.1390
-6.1736
-6.2080
-6.2420
-6.2757
-6.3091
-6.3422
-6.3749
-6.4072
-6.4391
-6.4707
-6.5019
-6.5326
-6.5629
-6.5927
-6.6221
-6.6510
-6.6795
-6.7074
-6.7348
-6.7617
-6.7880
-6.8138
-6.8389
-6.8635
-6.8875
-6.9108
-6.9335
-6.9556
-6.9769
-6.9976
-7.0176
-7.0368
-7.0553
-7.0731
-7.0900
-7.1062
-7.1216
-7.1361
-7.1498
-7.1627
-7.1746
-7.1857
-7.1959
-7.2052
-7.2135
-7.2209
-7.2273
-7.2328
-7.2372
-7.2406
-7.2430
-7.2444
-7.2448
-7.2440
-7.2422
-7.2393
-7.2353
-7.2302
-7.2240
-7.2167
-7.2082
-7.1986
-7.1878
-7.1759
-7.1628
-7.1485
-7.1330
-7.1164
-7.0986
-7.0795
-7.0593
-7.0379
-7.0153
-6.9915
-6.9665
-6.9403
-6.9129
-6.8843
-6.8545
-6.8235
-6.7914
-6.7581
-6.7236
-6.6880
-6.6512
-6.6133
-6.5742
-6.5341
-6.4928
-6.4504
-6.4070
-6.3625
-6.3170
-6.2705
-6.2229
-6.1744
-6.1249
-6.0744
-6.0231
-5.9708
-5.9176
-5.8636
-5.8087
-5.7531
-5.6967
-5.6395
-5.5816
-5.5230
-5.4637
-5.4038
-5.3433
-5.2822
-5.2206
-5.1585
-5.0959
-5.0329
-4.9694
-4.9056
-4.8415
-4.7770
-4.7123
-4.6474
-4.5822
-4.5170
-4.4515
-4.3861
-4.3206
-4.2550
-4.1895
-4.1241
-4.0588
-3.9937
-3.9287
-3.8640
-3.7996
-3.7354
-3.6716
-3.6082
-3.5452
-3.4827
-3.4206
-3.3591
-3.2982
-3.2379
-3.1782
-3.1192
-3.0609
-3.0034
-2.9467
-2.8908
-2.8357
-2.7815
-2.7283
-2.6760
-2.6247
-2.5744
-2.5251
-2.4770
-2.4299
-2.3840
-2.3392
-2.2956
-2.2532
-2.2120
-2.1721
-2.1335
-2.0962
-2.0602
-2.0256
-1.9923
-1.9604
-1.9299
-1.9008
-1.8731
-1.8469
-1.8222
-1.7989
-1.7771
-1.7567
-1.7379
-1.7206
-1.7048
-1.6905
-1.6778
-1.6666
-1.6569
-1.6487
-1.6421
-1.6371
-1.6335
-1.6315
-1.6311
-1.6321
-1.6347
-1.6388
-1.6445
-1.6516
-1.6602
-1.6704
-1.6820
-1.6950
-1.7096
-1.7255
-1.7429
-1.7618
-1.7820
-1.8036
-1.8266
-1.8509
-1.8766
-1.9036
-1.9319
-1.9615
-1.9923
-2.0244
-2.0576
-2.0921
-2.1278
-2.1646
-2.2025
-2.2415
-2.2817
-2.3228
-2.3650
-2.4082
-2.4524
-2.4975
-2.5435
-2.5905
-2.6383
-2.6870
-2.7364
-2.7867
-2.8377
-2.8895
-2.9419
-2.9950
-3.0488
-3.1032
-3.1582
-3.2137
-3.2698
-3.3263
-3.3834
-3.4409
-3.4988
-3.5571
-3.6157
-3.6747
-3.7340
-3.7935
-3.8533
-3.9133
-3.9735
-4.0338
-4.0943
-4.1549
-4.2156
-4.2763
-4.3370
-4.3977
-4.4584
-4.5190
-4.5796
-4.6400
-4.7003
-4.7604
-4.8204
-4.8801
-4.9396
-4.9988
-5.0577
-5.1164
-5.1747
-5.2326
-5.2901
-5.3473
-5.4040
-5.4602
-5.5160
-5.5713
-5.6261
-5.6803
-5.7340
-5.7871
-5.8396
-5.8915
-5.9428
-5.9934
-6.0433
-6.0925
-6.1410
-6.1888
-6.2359
-6.2821
-6.3276
-6.3723
-6.4162
-6.4593
-6.5015
-6.5428
-6.5833
-6.6228
-6.6615
-6.6993
-6.7361
-6.7720
-6.8069
-6.8408
-6.8738
-6.9057
-6.9367
-6.9666
-6.9956
-7.0234
-7.0503
-7.0760
-7.1007
-7.1244
-7.1469
-7.1683
-7.1887
-7.2079
-7.2260
-7.2430
-7.2589
-7.2737
-7.2873
-7.2997
-7.3110
-7.3212
-7.3302
-7.3380
-7.3447
-7.3502
-7.3545
-7.3577
-7.3597
-7.3605
-7.3601
-7.3586
-7.3559
-7.3520
-7.3470
-7.3408
-7.3334
-7.3249
-7.3152
-7.3043
-7.2923
-7.2792
-7.2649
-7.2494
-7.2329
-7.2152
-7.1964
-7.1764
-7.1554
-7.1333
-7.1101
-7.0858
-7.0604
-7.0340
-7.0065
-6.9780
-6.9485
-6.9179
-6.8864
-6.8538
-6.8203
-6.7858
-6.7503
-6.7140
-6.6766
-6.6384
-6.5993
-6.5593
-6.5185
-6.4768
-6.4343
-6.3909
-6.3468
-6.3019
-6.2562
-6.2098
-6.1627
-6.1149
-6.0664
-6.0172
-5.9673
-5.9169
-5.8658
-5.8142
-5.7620
-5.7092
-5.6559
-5.6021
-5.5478
-5.4931
-5.4379
-5.3823
-5.3263
-5.2700
-5.2132
-5.1562
-5.0988
-5.0411
-4.9832
-4.9250
-4.8666
-4.8080
-4.7492
-4.6903
-4.6312
-4.5720
-4.5127
-4.4533
-4.3938
-4.3343
-4.2748
-4.2154
-4.1559
-4.0965
-4.0371
