training...
13.255982
11.0394335
8.79337
7.1504045
5.369442
5.315936
5.0002
4.154167
3.5740552
3.5587652
3.2744339
2.9979985
2.9253974
2.6330667
1.9546708
1.8426661
1.4949967



3.6476
3.6014
3.5543
3.5062
3.4573
3.4075
3.3569
3.3056
3.2535
3.2007
3.1472
3.0932
3.0385
2.9834
2.9277
2.8716
2.8151
2.7583
2.7011
2.6436
2.5859
2.5281
2.4701
2.4120
2.3539
2.2957
2.2376
2.1796
2.1217
2.0640
2.0066
1.9494
1.8925
1.8359
1.7798
1.7241
1.6689
1.6142
1.5600
1.5065
1.4536
1.4014
1.3499
1.2992
1.2492
1.2001
1.1518
1.1044
1.0579
1.0124
0.9679
0.9243
0.8818
0.8404
0.8000
0.7607
0.7226
0.6856
0.6497
0.6150
0.5815
0.5492
0.5181
0.4883
0.4596
0.4322
0.4060
0.3811
0.3574
0.3350
0.3138
0.2938
0.2751
0.2576
0.2413
0.2262
0.2123
0.1996
0.1881
0.1777
0.1685
0.1603
0.1533
0.1473
0.1424
0.1385
0.1356
0.1337
0.1327
0.1327
0.1335
0.1351
0.1376
0.1409
0.1449
0.1496
0.1550
0.1610
0.1676
0.1748
0.1824
0.1906
0.1992
0.2082
0.2175
0.2272
0.2371
0.2472
0.2576
0.2680
0.2786
0.2892
0.2998
0.3103
0.3208
0.3312
0.3414
0.3515
0.3612
0.3707
0.3799
0.3887
0.3971
0.4051
0.4126
0.4195
0.4260
0.4318
0.4371
0.4417
0.4457
0.4489
0.4514
0.4532
0.4542
0.4543
0.4537
0.4522
0.4499
0.4466
0.4425
0.4375
0.4315
0.4246
0.4168
0.4080
0.3983
0.3876
0.3759
0.3633
0.3497
0.3352
0.3197
0.3033
0.2859
0.2676
0.2484
0.2283
0.2073
0.1855
0.1628
0.1393
0.1149
0.0898
0.0640
0.0374
0.0101
-0.0179
-0.0465
-0.0757
-0.1055
-0.1358
-0.1666
-0.1979
-0.2296
-0.2616
-0.2940
-0.3268
-0.3597
-0.3929
-0.4263
-0.4597
-0.4933
-0.5268
-0.5604
-0.5939
-0.6272
-0.6604
-0.6934
-0.7261
-0.7586
-0.7906
-0.8223
-0.8534
-0.8841
-0.9143
-0.9438
-0.9726
-1.0008
-1.0282
-1.0549
-1.0807
-1.1056
-1.1296
-1.1526
-1.1746
-1.1955
-1.2153
-1.2341
-1.2516
-1.2679
-1.2830
-1.2968
-1.3093
-1.3205
-1.3302
-1.3386
-1.3455
-1.3510
-1.3550
-1.3575
-1.3585
-1.3580
-1.3559
-1.3522
-1.3469
-1.3401
-1.3316
-1.3215
-1.3098
-1.2965
-1.2816
-1.2650
-1.2468
-1.2270
-1.2056
-1.1826
-1.1580
-1.1318
-1.1040
-1.0747
-1.0438
-1.0115
-0.9776
-0.9423
-0.9055
-0.8672
-0.8276
-0.7866
-0.7443
-0.7007
-0.6558
-0.6097
-0.5623
-0.5138
-0.4642
-0.4135
-0.3618
-0.3090
-0.2554
-0.2008
-0.1453
-0.0891
-0.0320
0.0257
0.0841
0.1432
0.2028
0.2629
0.3235
0.3845
0.4459
0.5076
0.5695
0.6316
0.6939
0.7563
0.8188
0.8812
0.9436
1.0059
1.0680
1.1299
1.1915
1.2529
1.3139
1.3744
1.4346
1.4942
1.5533
1.6118
1.6696
1.7268
1.7832
1.8389
1.8938
1.9479
2.0011
2.0533
2.1047
2.1550
2.2044
2.2527
2.2999
2.3460
2.3910
2.4349
2.4776
2.5191
2.5595
2.5985
2.6364
2.6730
2.7083
2.7423
2.7751
2.8065
2.8367
2.8655
2.8930
2.9193
2.9441
2.9677
2.9900
3.0109
3.0306
3.0490
3.0660
3.0818
3.0963
3.1096
3.1216
3.1324
3.1420
3.1504
3.1577
3.1637
3.1686
3.1724
3.1752
3.1768
3.1774
3.1769
3.1755
3.1731
3.1697
3.1654
3.1602
3.1541
3.1472
3.1395
3.1310
3.1217
3.1116
3.1009
3.0895
3.0774
3.0647
3.0514
3.0376
3.0232
3.0083
2.9928
2.9770
2.9606
2.9439
2.9267
2.9092
2.8914
2.8732
2.8547
2.8359
2.8168
2.7975
2.7780
2.7582
2.7383
2.7181
2.6978
2.6774
2.6567
2.6360
2.6151
2.5941
2.5730
2.5517
2.5304
2.5090
2.4874
2.4658
2.4441
2.4223
2.4004
2.3784
2.3563
2.3341
2.3118
2.2893
2.2668
2.2441
2.2213
2.1983
2.1751
2.1518
2.1283
2.1045
2.0806
2.0564
2.0320
2.0074
1.9824
1.9572
1.9316
1.9058
1.8795
1.8530
1.8260
1.7986
1.7709
1.7426
1.7140
1.6848
1.6552
1.6251
1.5944
1.5632
1.5315
1.4992
1.4662
1.4327
1.3986
1.3638
1.3284
1.2923
1.2555
1.2181
1.1799
1.1411
1.1015
1.0612
1.0202
0.9785
0.9360
0.8928
0.8489
0.8042
0.7587
0.7126
0.6657
0.6181
0.5697
0.5207
0.4709
0.4205
0.3693
0.3175
0.2651
0.2120
0.1582
0.1039
0.0490
-0.0064
-0.0624
-0.1189
-0.1758
-0.2332
-0.2911
-0.3493
-0.4079
-0.4668
-0.5260
-0.5854
-0.6451
-0.7050
-0.7649
-0.8250
-0.8851
-0.9453
-1.0054
-1.0654
-1.1253
-1.1850
-1.2445
-1.3038
-1.3627
-1.4213
-1.4794
-1.5371
-1.5942
-1.6508
-1.7067
-1.7620
-1.8166
-1.8703
-1.9233
-1.9753
-2.0264
-2.0766
-2.1257
-2.1737
-2.2205
-2.2662
-2.3106
-2.3537
-2.3955
-2.4358
-2.4748
-2.5122
-2.5482
-2.5825
-2.6153
-2.6464
-2.6758
-2.7034
-2.7293
-2.7533
-2.7756
-2.7959
-2.8143
-2.8308
-2.8453
-2.8578
-2.8683
-2.8767
-2.8831
-2.8874
-2.8895
-2.8896
-2.8875
-2.8833
-2.8769
-2.8683
-2.8576
-2.8447
-2.8297
-2.8125
-2.7931
-2.7715
-2.7478
-2.7220
-2.6940
-2.6639
-2.6317
-2.5975
-2.5612
-2.5228
-2.4824
-2.4401
-2.3958
-2.3496
-2.3014
-2.2515
-2.1997
-2.1462
-2.0909
-2.0339
-1.9753
-1.9150
-1.8533
-1.7900
-1.7253
-1.6592
-1.5917
-1.5230
-1.4530
-1.3819
-1.3096
-1.2363
-1.1620
-1.0868
-1.0108
-0.9339
-0.8563
-0.7780
-0.6992
-0.6198
-0.5400
-0.4597
-0.3792
-0.2984
-0.2174
-0.1363
-0.0551
0.0260
0.1071
0.1879
0.2686
0.3489
0.4289
0.5085
0.5876
0.6661
0.7439
0.8211
0.8975
0.9731
1.0478
1.1216
1.1944
1.2661
1.3367
1.4061
1.4743
1.5412
1.6068
1.6710
1.7338
1.7951
1.8549
1.9131
1.9698
2.0248
2.0781
2.1297
2.1795
2.2276
2.2738
2.3182
2.3607
2.4014
2.4401
2.4769
2.5118
2.5447
2.5756
2.6045
2.6314
2.6563
2.6792
2.7001
2.7189
2.7357
2.7505
2.7633
2.7741
2.7829
2.7896
2.7944
2.7972
2.7981
2.7970
2.7941
2.7892
2.7824
2.7738
2.7634
2.7511
2.7371
2.7213
2.7038
2.6847
2.6639
2.6415
2.6174
2.5919
2.5648
2.5363
2.5064
2.4750
2.4424
2.4084
2.3731
2.3367
2.2990
2.2603
2.2204
2.1795
2.1377
2.0948
2.0511
2.0065
1.9611
1.9150
1.8681
1.8205
1.7724
1.7236
1.6743
1.6246
1.5743
1.5237
1.4728
1.4215
1.3700
1.3182
1.2663
1.2142
1.1620
1.1098
1.0575
1.0053
0.9531
0.9011
0.8491
0.7973
0.7457
0.6944
0.6433
0.5925
0.5421
0.4920
0.4423
0.3930
0.3441
0.2957
0.2478
0.2004
0.1535
0.1072
0.0615
0.0163
-0.0282
-0.0722
-0.1155
-0.1581
-0.2001
-0.2414
-0.2820
-0.3220
-0.3612
-0.3997
-0.4375
-0.4746
-0.5110
-0.5466
-0.5815
-0.6157
-0.6491
-0.6818
-0.7138
-0.7450
-0.7755
-0.8053
-0.8344
-0.8627
-0.8904
-0.9173
-0.9436
-0.9691
-0.9940
-1.0182
-1.0418
-1.0647
-1.0869
-1.1085
-1.1295
-1.1499
-1.1697
-1.1888
-1.2075
-1.2255
-1.2430
-1.2599
-1.2763
-1.2922
-1.3076
-1.3225
-1.3369
-1.3508
-1.3643
-1.3773
-1.3899
-1.4021
-1.4138
-1.4251
-1.4361
-1.4467
-1.4569
-1.4667
-1.4762
-1.4853
-1.4941
-1.5025
-1.5107
-1.5185
-1.5260
-1.5332
-1.5402
-1.5468
-1.5531
-1.5592
-1.5650
-1.5705
-1.5758
-1.5807
-1.5855
-1.5899
-1.5941
-1.5980
-1.6016
-1.6050
-1.6082
-1.6110
-1.6136
-1.6159
-1.6179
-1.6197
-1.6211
-1.6223
-1.6231
-1.6237
-1.6240
-1.6239
-1.6236
-1.6229
-1.6218
-1.6204
-1.6187
-1.6166
-1.6142
-1.6113
-1.6081
-1.6045
-1.6005
-1.5960
-1.5912
-1.5859
-1.5801
-1.5739
-1.5672
-1.5601
-1.5525
-1.5444
-1.5357
-1.5266
-1.5170
-1.5068
-1.4960
-1.4848
-1.4729
-1.4605
-1.4475
-1.4340
-1.4198
-1.4051
-1.3897
-1.3737
-1.3572
-1.3400
-1.3221
-1.3037
-1.2846
-1.2649
-1.2445
-1.2235
-1.2019
-1.1796
-1.1567
-1.1332
-1.1090
-1.0841
-1.0587
-1.0326
-1.0059
-0.9786
-0.9507
-0.9221
-0.8930
-0.8633
-0.8330
-0.8022
-0.7708
-0.7389
-0.7064
-0.6734
-0.6400
-0.6060
-0.5716
-0.5367
-0.5015
-0.4658
-0.4297
-0.3932
-0.3565
-0.3193
-0.2819
-0.2443
-0.2063
-0.1682
-0.1298
-0.0913
-0.0527
-0.0139
0.0249
0.0638
0.1027
0.1416
0.1804
0.2192
0.2579
0.2964
0.3347
0.3728
0.4107
0.4483
0.4855
0.5224
0.5589
0.5950
0.6306
0.6657
0.7003
0.7343
0.7677
0.8004
0.8324
0.8637
0.8942
0.9239
0.9528
0.9808
1.0079
1.0341
1.0592
1.0834
1.1065
1.1285
1.1494
1.1691
1.1876
1.2050
1.2210
1.2358
1.2493
1.2614
1.2722
1.2816
1.2895
1.2961
1.3011
1.3047
1.3067
1.3072
1.3062
1.3035
1.2993
1.2935
1.2861
1.2770
1.2663
1.2539
1.2399
1.2242
1.2068
1.1877
1.1670
1.1445
1.1204
1.0946
1.0671
1.0379
1.0070
0.9745
0.9403
0.9045
0.8670
0.8279
0.7872
0.7449
0.7011
0.6556
0.6087
0.5602
0.5103
0.4589
0.4061
0.3519
0.2963
0.2394
0.1811
0.1216
0.0609
-0.0010
-0.0641
-0.1283
-0.1936
-0.2599
-0.3272
-0.3955
-0.4646
-0.5346
-0.6054
-0.6769
-0.7492
-0.8221
-0.8956
-0.9696
-1.0442
-1.1192
-1.1946
-1.2703
-1.3462
-1.4224
-1.4988
-1.5753
-1.6518
-1.7283
-1.8047
-1.8810
-1.9571
-2.0330
-2.1086
-2.1838
-2.2586
-2.3329
-2.4067
-2.4799
-2.5525
-2.6244
-2.6954
-2.7657
-2.8351
-2.9036
-2.9711
-3.0376
-3.1030
-3.1672
-3.2303
-3.2921
-3.3527
-3.4119
-3.4698
-3.5262
-3.5811
-3.6346
-3.6865
-3.7368
-3.7854
-3.8325
-3.8777
-3.9213
-3.9631
-4.0031
-4.0412
-4.0775
-4.1119
-4.1444
-4.1749
-4.2035
-4.2300
-4.2546
-4.2772
-4.2977
-4.3162
-4.3326
-4.3469
-4.3592
-4.3694
-4.3774
-4.3834
-4.3873
-4.3891
-4.3888
-4.3864
-4.3819
-4.3753
-4.3666
-4.3559
-4.3431
-4.3283
-4.3115
-4.2927
-4.2718
-4.2490
-4.2243
-4.1976
-4.1690
-4.1386
-4.1062
-4.0721
-4.0362
-3.9985
-3.9591
-3.9179
-3.8752
-3.8307
-3.7847
-3.7372
-3.6881
-3.6375
-3.5855
-3.5321
-3.4774
-3.4213
-3.3640
-3.3054
-3.2456
-3.1847
-3.1228
-3.0597
-2.9957
-2.9307
-2.8648
-2.7981
-2.7305
-2.6622
-2.5932
-2.5235
-2.4531
-2.3822
-2.3108
-2.2389
-2.1665
-2.0938
-2.0208
-1.9474
-1.8738
-1.8000
-1.7261
-1.6521
-1.5780
-1.5039
-1.4298
-1.3558
-1.2819
-1.2081
-1.1346
-1.0613
-0.9882
-0.9155
-0.8432
-0.7712
-0.6997
-0.6286
-0.5581
-0.4881
-0.4186
-0.3498
-0.2816
-0.2140
-0.1472
-0.0811
-0.0157
0.0488
0.1126
0.1756
0.2376
0.2988
0.3591
0.4185
0.4769
0.5344
0.5909
0.6464
0.7008
0.7543
0.8067
0.8580
0.9083
0.9574
1.0055
1.0525
1.0984
1.1431
1.1867
1.2292
1.2705
1.3107
1.3497
1.3876
1.4243
1.4599
1.4943
1.5275
1.5596
1.5905
1.6202
1.6488
1.6762
1.7025
1.7277
1.7517
1.7745
1.7962
1.8168
1.8363
1.8547
1.8719
1.8881
1.9031
1.9171
1.9300
1.9418
1.9526
1.9623
1.9710
1.9787
1.9853
1.9910
1.9956
1.9993
2.0020
2.0037
2.0045
2.0043
2.0033
2.0013
1.9984
1.9946
1.9899
1.9844
1.9780
1.9708
1.9628
1.9539
1.9442
1.9338
1.9226
1.9106
1.8979
1.8844
1.8702
1.8553
1.8397
1.8235
1.8065
1.7889
1.7707
1.7518
1.7323
1.7122
1.6915
1.6702
1.6484
1.6260
1.6031
1.5797
1.5557
1.5313
1.5063
1.4809
1.4551
1.4288
1.4020
1.3749
1.3473
1.3194
1.2910
1.2623
1.2333
1.2039
1.1742
1.1442
1.1139
1.0833
1.0524
1.0212
0.9899
0.9583
0.9264
0.8944
0.8622
0.8298
0.7972
0.7645
0.7317
0.6987
0.6656
0.6324
0.5992
0.5658
0.5324
0.4990
0.4655
0.4320
0.3985
0.3650
0.3315
0.2981
0.2647
0.2313
0.1980
0.1648
0.1316
0.0986
0.0657
0.0329
0.0002
-0.0323
-0.0647
-0.0969
-0.1289
-0.1607
-0.1924
-0.2238
-0.2551
-0.2861
-0.3169
-0.3475
-0.3778
-0.4078
-0.4376
-0.4672
-0.4964
-0.5254
-0.5542
-0.5826
-0.6107
-0.6385
-0.6661
-0.6933
-0.7202
-0.7468
-0.7731
-0.7991
-0.8248
-0.8501
-0.8752
-0.8999
-0.9243
-0.9484
-0.9721
-0.9956
-1.0187
-1.0415
-1.0640
-1.0862
-1.1081
-1.1297
-1.1510
-1.1720
-1.1927
-1.2132
-1.2333
-1.2532
-1.2729
-1.2922
-1.3114
-1.3302
-1.3489
-1.3673
-1.3855
-1.4035
-1.4213
-1.4388
-1.4562
-1.4734
-1.4905
-1.5074
-1.5241
-1.5407
-1.5571
-1.5735
-1.5897
-1.6058
-1.6218
-1.6377
-1.6536
-1.6694
-1.6851
-1.7008
-1.7164
-1.7320
-1.7476
-1.7632
-1.7787
-1.7943
-1.8098
-1.8254
-1.8410
-1.8566
-1.8723
-1.8880
-1.9037
-1.9195
-1.9353
-1.9512
-1.9672
-1.9832
-1.9993
-2.0154
-2.0317
-2.0480
-2.0643
-2.0808
-2.0972
-2.1138
-2.1304
-2.1471
-2.1639
-2.1807
-2.1975
-2.2144
-2.2314
-2.2483
-2.2653
-2.2823
-2.2993
-2.3163
-2.3333
-2.3503
-2.3672
-2.3841
-2.4009
-2.4176
-2.4343
-2.4509
-2.4673
-2.4836
-2.4998
-2.5157
-2.5316
-2.5472
-2.5626
-2.5777
-2.5926
-2.6072
-2.6215
-2.6355
-2.6492
-2.6625
-2.6754
-2.6879
-2.7000
-2.7117
-2.7229
-2.7335
-2.7437
-2.7534
-2.7624
-2.7709
-2.7788
-2.7861
-2.7927
-2.7986
-2.8039
-2.8084
-2.8122
-2.8152
-2.8175
-2.8189
-2.8195
-2.8193
-2.8182
-2.8163
-2.8134
-2.8096
-2.8049
-2.7992
-2.7926
-2.7850
-2.7763
-2.7667
-2.7560
-2.7443
-2.7316
-2.7178
-2.7029
-2.6869
-2.6699
-2.6517
-2.6325
-2.6122
-2.5907
-2.5682
-2.5445
-2.5197
-2.4938
-2.4668
-2.4388
-2.4096
-2.3793
-2.3479
-2.3154
-2.2819
-2.2473
-2.2117
-2.1751
-2.1374
-2.0987
-2.0591
-2.0184
-1.9768
-1.9343
-1.8909
-1.8466
-1.8015
-1.7555
-1.7087
-1.6611
-1.6128
-1.5638
-1.5141
-1.4637
-1.4127
-1.3611
-1.3089
-1.2563
-1.2031
-1.1495
-1.0955
-1.0412
-0.9865
-0.9315
-0.8763
-0.8209
-0.7654
-0.7097
-0.6539
-0.5982
-0.5424
-0.4867
-0.4312
-0.3757
-0.3205
-0.2656
-0.2109
-0.1566
-0.1026
-0.0491
0.0039
0.0564
0.1083
0.1596
0.2102
0.2601
0.3092
0.3576
0.4051
0.4517
0.4974
0.5421
0.5858
0.6284
0.6700
0.7104
0.7496
0.7877
0.8244
0.8599
0.8941
0.9269
0.9584
0.9884
1.0170
1.0441
1.0697
1.0938
1.1164
1.1373
1.1567
1.1745
1.1906
1.2051
1.2180
1.2292
1.2386
1.2464
1.2525
1.2569
1.2595
1.2604
1.2596
1.2571
1.2528
1.2469
1.2392
1.2298
1.2187
1.2059
1.1914
1.1753
1.1575
1.1381
1.1170
1.0944
1.0702
1.0444
1.0171
0.9883
0.9580
0.9263
0.8931
0.8586
0.8227
0.7855
0.7471
0.7074
0.6664
0.6244
0.5812
0.5369
0.4916
0.4453
0.3980
0.3499
0.3008
0.2510
0.2004
0.1492
0.0972
0.0447
-0.0084
-0.0620
-0.1161
-0.1705
-0.2253
-0.2804
-0.3357
-0.3912
-0.4468
-0.5025
-0.5582
-0.6139
-0.6695
-0.7250
-0.7802
-0.8352
-0.8899
-0.9443
-0.9982
-1.0517
-1.1046
-1.1570
-1.2088
-1.2599
-1.3103
-1.3599
-1.4087
-1.4567
-1.5037
-1.5499
-1.5950
-1.6391
-1.6821
-1.7240
-1.7648
-1.8043
-1.8427
-1.8797
-1.9155
-1.9500
-1.9830
-2.0147
-2.0450
-2.0738
-2.1012
-2.1270
-2.1514
-2.1742
-2.1954
-2.2151
-2.2331
-2.2496
-2.2644
-2.2776
-2.2892
-2.2990
-2.3073
-2.3138
-2.3187
-2.3220
-2.3235
-2.3234
-2.3216
-2.3182
-2.3130
-2.3063
-2.2979
-2.2878
-2.2761
-2.2628
-2.2479
-2.2315
-2.2134
-2.1939
-2.1728
-2.1502
-2.1261
-2.1005
-2.0735
-2.0451
-2.0153
-1.9841
-1.9517
-1.9179
-1.8828
-1.8465
-1.8090
-1.7704
-1.7306
-1.6897
-1.6477
-1.6047
-1.5606
-1.5157
-1.4698
-1.4230
-1.3753
-1.3269
-1.2777
-1.2278
-1.1771
-1.1258
-1.0739
-1.0215
-0.9685
-0.9150
-0.8610
-0.8066
-0.7519
-0.6968
-0.6414
-0.5858
-0.5299
-0.4739
-0.4177
-0.3614
-0.3051
-0.2487
-0.1923
-0.1359
-0.0796
-0.0235
0.0326
0.0885
0.1441
0.1996
0.2547
0.3096
0.3642
0.4184
0.4722
0.5256
0.5786
0.6311
0.6832
0.7347
0.7858
0.8363
0.8862
0.9355
0.9843
1.0324
1.0799
1.1267
1.1729
1.2184
1.2632
1.3073
1.3507
1.3933
1.4353
1.4765
1.5169
1.5566
1.5955
1.6337
1.6711
1.7077
1.7436
1.7787
1.8130
1.8465
1.8793
1.9113
1.9425
1.9729
2.0026
2.0315
2.0597
2.0870
2.1137
2.1396
2.1647
2.1892
2.2129
2.2358
2.2581
2.2796
2.3005
2.3206
2.3401
2.3589
2.3770
2.3944
2.4112
2.4274
2.4429
2.4577
2.4720
2.4856
2.4986
2.5110
2.5228
2.5340
2.5446
2.5547
2.5641
2.5730
2.5814
2.5892
2.5964
2.6030
2.6091
2.6147
2.6197
2.6242
2.6281
2.6315
2.6344
2.6367
2.6385
2.6397
2.6404
2.6406
2.6402
2.6392
2.6377
2.6357
2.6331
2.6299
2.6261
2.6218
2.6169
2.6114
2.6052
2.5985
2.5912
2.5833
2.5747
2.5655
2.5556
2.5451
2.5340
2.5221
2.5096
2.4964
2.4825
2.4678
2.4525
2.4364
2.4195
2.4020
2.3836
2.3645
2.3446
2.3239
2.3024
2.2801
2.2570
2.2330
2.2082
2.1826
2.1561
2.1288
2.1006
2.0716
2.0416
2.0108
1.9792
1.9466
1.9132
1.8788
1.8436
1.8075
1.7705
1.7327
1.6939
1.6543
1.6138
1.5725
1.5303
1.4872
1.4433
1.3986
1.3531
1.3067
1.2596
1.2116
1.1630
1.1135
1.0634
1.0125
0.9610
0.9087
0.8559
0.8024
0.7483
0.6937
0.6385
0.5828
0.5266
0.4700
0.4129
0.3554
0.2976
0.2395
0.1811
0.1224
0.0636
0.0045
-0.0546
-0.1139
-0.1732
-0.2325
-0.2918
-0.3510
-0.4101
-0.4691
-0.5278
-0.5862
-0.6444
-0.7022
-0.7596
-0.8166
-0.8731
-0.9290
-0.9844
-1.0391
-1.0932
-1.1465
-1.1990
-1.2508
-1.3016
-1.3516
-1.4006
-1.4486
-1.4955
-1.5413
-1.5860
-1.6296
-1.6718
-1.7129
-1.7526
-1.7909
-1.8279
-1.8635
-1.8976
-1.9301
-1.9612
-1.9907
-2.0186
-2.0449
-2.0695
-2.0924
-2.1136
-2.1331
-2.1508
-2.1668
-2.1809
-2.1933
-2.2038
-2.2125
-2.2193
-2.2242
-2.2273
-2.2285
-2.2278
-2.2252
-2.2208
-2.2144
-2.2062
-2.1961
-2.1842
-2.1704
-2.1547
-2.1373
-2.1180
-2.0969
-2.0740
-2.0494
-2.0231
-1.9951
-1.9654
-1.9341
-1.9012
-1.8666
-1.8306
-1.7931
-1.7541
-1.7137
-1.6719
-1.6288
-1.5844
-1.5388
-1.4921
-1.4441
-1.3952
-1.3452
-1.2942
-1.2423
-1.1896
-1.1360
-1.0818
-1.0268
-0.9713
-0.9152
-0.8586
-0.8016
-0.7443
-0.6866
-0.6288
-0.5707
-0.5126
-0.4545
-0.3964
-0.3383
-0.2805
-0.2229
-0.1656
-0.1086
-0.0521
0.0039
0.0594
0.1142
0.1684
0.2218
0.2744
0.3262
0.3770
0.4269
0.4758
0.5235
0.5701
0.6155
0.6597
0.7026
0.7442
0.7844
0.8232
0.8605
0.8963
0.9305
0.9632
0.9943
1.0238
1.0516
1.0776
1.1020
1.1246
1.1455
1.1646
1.1819
1.1974
1.2111
1.2229
1.2329
1.2411
1.2474
1.2519
1.2546
1.2554
1.2545
1.2517
1.2471
1.2407
1.2325
1.2226
1.2110
1.1977
1.1827
1.1661
1.1478
1.1279
1.1065
1.0836
1.0592
1.0333
1.0060
0.9774
0.9474
0.9162
0.8838
0.8502
0.8154
0.7796
0.7427
0.7049
0.6661
0.6265
0.5860
0.5448
0.5029
0.4604
0.4173
0.3736
0.3295
0.2850
0.2401
0.1949
0.1495
0.1038
0.0581
0.0123
-0.0335
-0.0792
-0.1249
-0.1704
-0.2157
-0.2607
-0.3054
-0.3497
-0.3936
-0.4370
-0.4799
-0.5223
-0.5640
-0.6051
-0.6455
-0.6851
-0.7240
-0.7620
-0.7992
-0.8355
-0.8709
-0.9053
-0.9388
-0.9712
-1.0026
-1.0329
-1.0622
-1.0904
-1.1174
-1.1433
-1.1681
-1.1917
-1.2142
-1.2354
-1.2555
-1.2744
-1.2922
-1.3087
-1.3241
-1.3383
-1.3513
-1.3632
-1.3739
-1.3835
-1.3919
-1.3993
-1.4055
-1.4107
-1.4149
-1.4180
-1.4201
-1.4213
-1.4215
-1.4208
-1.4192
-1.4167
-1.4134
-1.4094
-1.4046
-1.3990
-1.3928
-1.3859
-1.3785
-1.3704
-1.3619
-1.3528
-1.3433
-1.3334
-1.3232
-1.3126
-1.3018
-1.2907
-1.2794
-1.2680
-1.2565
-1.2449
-1.2332
-1.2216
-1.2101
-1.1986
-1.1873
-1.1762
-1.1652
-1.1545
-1.1441
-1.1341
-1.1243
-1.1150
-1.1061
-1.0976
-1.0897
-1.0822
-1.0753
-1.0689
-1.0631
-1.0579
-1.0534
-1.0495
-1.0462
-1.0437
-1.0418
-1.0407
-1.0403
-1.0406
-1.0416
-1.0434
-1.0459
-1.0492
-1.0532
-1.0579
-1.0634
-1.0697
-1.0766
-1.0843
-1.0927
-1.1018
-1.1116
-1.1221
-1.1331
-1.1449
-1.1572
-1.1701
-1.1836
-1.1976
-1.2122
-1.2272
-1.2427
-1.2586
-1.2748
-1.2915
-1.3084
-1.3257
-1.3432
-1.3609
-1.3788
-1.3968
-1.4149
-1.4331
-1.4512
-1.4694
-1.4875
-1.5054
-1.5232
-1.5409
-1.5582
-1.5753
-1.5920
-1.6084
-1.6244
-1.6399
-1.6548
-1.6693
-1.6831
-1.6964
-1.7089
-1.7208
-1.7319
-1.7422
-1.7517
-1.7603
-1.7680
-1.7748
-1.7806
-1.7854
-1.7892
-1.7919
-1.7936
-1.7941
-1.7934
-1.7916
-1.7887
-1.7845
-1.7790
-1.7723
-1.7644
-1.7552
-1.7447
-1.7328
-1.7197
-1.7052
-1.6895
-1.6723
-1.6539
-1.6341
-1.6130
-1.5906
-1.5668
-1.5417
-1.5154
-1.4877
-1.4587
-1.4285
-1.3970
-1.3644
-1.3304
-1.2953
-1.2591
-1.2217
-1.1832
-1.1436
-1.1029
-1.0612
-1.0185
-0.9749
-0.9303
-0.8849
-0.8386
-0.7915
-0.7437
-0.6951
-0.6458
-0.5959
-0.5454
-0.4944
-0.4428
-0.3908
-0.3384
-0.2856
-0.2325
-0.1792
-0.1256
-0.0719
-0.0181
0.0358
0.0897
0.1436
0.1974
0.2510
0.3045
0.3577
0.4106
0.4632
0.5154
0.5672
0.6184
0.6692
0.7194
0.7689
0.8178
0.8660
0.9134
0.9600
1.0058
1.0507
1.0947
1.1378
1.1798
1.2208
1.2608
1.2997
1.3374
1.3740
1.4094
1.4436
1.4766
1.5083
1.5387
1.5679
1.5957
1.6221
1.6472
1.6709
1.6933
1.7142
1.7337
1.7518
1.7685
1.7838
1.7976
1.8100
1.8210
1.8305
1.8385
1.8452
1.8504
1.8542
1.8566
1.8576
1.8572
1.8554
1.8523
1.8478
1.8419
1.8348
1.8263
1.8166
1.8056
1.7934
1.7799
1.7653
1.7494
1.7325
1.7144
1.6952
1.6749
1.6536
1.6313
1.6081
1.5838
1.5587
1.5326
1.5057
1.4779
1.4494
1.4201
1.3900
1.3592
1.3278
1.2957
1.2630
1.2297
1.1959
1.1616
1.1267
1.0914
1.0557
1.0196
0.9831
0.9463
0.9092
0.8718
0.8341
0.7962
0.7581
0.7199
0.6815
0.6430
0.6043
0.5656
0.5269
0.4881
0.4493
0.4106
0.3718
0.3332
0.2945
0.2560
0.2176
0.1793
0.1412
0.1032
0.0654
0.0277
-0.0097
-0.0470
-0.0840
-0.1208
-0.1574
-0.1937
-0.2298
-0.2656
-0.3011
-0.3364
-0.3714
-0.4061
-0.4405
-0.4746
-0.5084
-0.5419
-0.5751
-0.6081
-0.6407
-0.6729
-0.7049
-0.7366
-0.7679
-0.7990
-0.8297
-0.8601
-0.8902
-0.9200
-0.9495
-0.9787
-1.0076
-1.0361
-1.0644
-1.0923
-1.1199
-1.1472
-1.1743
-1.2010
-1.2274
-1.2534
-1.2792
-1.3047
-1.3299
-1.3547
-1.3792
-1.4034
-1.4273
-1.4509
-1.4742
-1.4971
-1.5197
-1.5419
-1.5638
-1.5853
-1.6065
-1.6274
-1.6478
-1.6679
-1.6876
-1.7069
-1.7258
-1.7443
-1.7624
-1.7800
-1.7972
-1.8139
-1.8302
-1.8460
-1.8612
-1.8760
-1.8903
-1.9040
-1.9172
-1.9298
-1.9418
-1.9533
-1.9641
-1.9743
-1.9839
-1.9928
-2.0010
-2.0085
-2.0153
-2.0214
-2.0268
-2.0314
-2.0352
-2.0382
-2.0403
-2.0417
-2.0422
-2.0418
-2.0406
-2.0385
-2.0354
-2.0314
-2.0265
-2.0206
-2.0137
-2.0058
-1.9969
-1.9870
-1.9760
-1.9641
-1.9510
-1.9369
-1.9217
-1.9054
-1.8880
-1.8695
-1.8498
-1.8291
-1.8072
-1.7842
-1.7600
-1.7347
-1.7082
-1.6806
-1.6518
-1.6219
-1.5908
-1.5586
-1.5252
-1.4907
-1.4551
-1.4183
-1.3804
-1.3414
-1.3013
-1.2601
-1.2177
-1.1744
-1.1299
-1.0845
-1.0380
-0.9905
-0.9420
-0.8925
-0.8421
-0.7907
-0.7384
-0.6853
-0.6313
-0.5764
-0.5208
-0.4643
-0.4072
-0.3492
-0.2906
-0.2314
-0.1714
-0.1109
-0.0499
0.0117
0.0738
0.1364
0.1994
0.2628
0.3265
0.3906
0.4549
0.5194
0.5842
0.6491
0.7141
0.7792
0.8444
0.9095
0.9746
1.0396
1.1045
1.1692
1.2337
1.2979
1.3618
1.4254
1.4887
1.5515
1.6138
1.6757
1.7370
1.7977
1.8578
1.9172
1.9759
2.0339
2.0911
2.1475
2.2030
2.2577
2.3114
2.3642
2.4159
2.4667
2.5164
2.5649
2.6124
2.6587
2.7038
2.7477
2.7904
2.8318
2.8718
2.9106
2.9481
2.9841
3.0188
3.0520
3.0839
3.1143
3.1432
3.1706
3.1966
3.2210
3.2439
3.2653
3.2851
3.3033
3.3200
3.3351
3.3487
3.3606
3.3710
3.3797
3.3869
3.3925
3.3964
3.3988
3.3996
3.3988
3.3964
3.3924
3.3868
3.3797
3.3710
3.3608
3.3491
3.3358
3.3210
3.3047
3.2869
3.2676
3.2469
3.2247
3.2011
3.1761
3.1498
3.1220
3.0929
3.0625
3.0308
2.9978
2.9636
2.9281
2.8914
2.8536
2.8145
2.7744
2.7331
2.6908
2.6474
2.6030
2.5576
2.5112
2.4639
2.4157
2.3666
2.3167
2.2660
2.2144
2.1621
2.1091
2.0554
2.0011
1.9461
1.8905
1.8343
1.7776
1.7204
1.6628
1.6047
1.5462
1.4873
1.4281
1.3686
1.3088
1.2488
1.1885
1.1281
1.0676
1.0069
0.9461
0.8853
0.8245
0.7637
0.7030
0.6423
0.5818
0.5213
0.4611
0.4011
0.3413
0.2817
0.2225
0.1636
0.1050
0.0469
-0.0109
-0.0682
-0.1250
-0.1813
-0.2371
-0.2923
-0.3470
-0.4010
-0.4544
-0.5071
-0.5591
-0.6104
-0.6609
-0.7107
-0.7596
-0.8078
-0.8550
-0.9014
-0.9469
-0.9915
-1.0351
-1.0778
-1.1194
-1.1601
-1.1997
-1.2382
-1.2757
-1.3120
-1.3472
-1.3813
-1.4143
-1.4460
-1.4766
-1.5060
-1.5341
-1.5610
-1.5866
-1.6109
-1.6340
-1.6557
-1.6761
-1.6952
-1.7130
-1.7294
-1.7444
-1.7580
-1.7703
-1.7812
-1.7906
-1.7987
-1.8053
-1.8105
-1.8143
-1.8167
-1.8176
-1.8171
-1.8151
-1.8117
-1.8068
-1.8005
-1.7928
-1.7836
-1.7730
-1.7610
-1.7475
-1.7326
-1.7163
-1.6985
-1.6794
-1.6589
-1.6369
-1.6137
-1.5890
-1.5630
-1.5357
-1.5070
-1.4770
-1.4457
-1.4132
-1.3794
-1.3443
-1.3081
-1.2706
-1.2319
-1.1921
-1.1512
-1.1091
-1.0659
-1.0217
-0.9765
-0.9302
-0.8829
-0.8347
-0.7855
-0.7355
-0.6845
-0.6328
-0.5802
-0.5268
-0.4727
-0.4179
-0.3624
-0.3062
-0.2494
-0.1921
-0.1342
-0.0758
-0.0169
0.0424
0.1021
0.1622
0.2226
0.2833
0.3443
0.4054
0.4668
0.5283
0.5899
0.6515
0.7132
0.7749
0.8365
0.8981
0.9595
1.0208
1.0819
1.1428
1.2034
1.2636
1.3236
1.3832
1.4424
1.5011
1.5594
1.6171
1.6744
1.7310
1.7871
1.8425
1.8972
1.9513
2.0047
2.0573
2.1091
2.1602
2.2104
2.2597
2.3082
2.3558
2.4025
2.4483
2.4931
2.5369
2.5798
2.6216
2.6624
2.7022
2.7409
2.7785
2.8151
2.8506
2.8850
2.9183
2.9504
2.9815
3.0114
3.0402
3.0679
3.0944
3.1198
3.1441
3.1672
3.1892
3.2100
3.2298
3.2484
3.2659
3.2823
3.2975
3.3117
3.3248
3.3368
3.3478
3.3576
3.3665
3.3743
3.3811
3.3869
3.3917
3.3955
3.3984
3.4003
3.4013
3.4014
3.4007
3.3990
3.3965
3.3931
3.3890
3.3840
3.3783
3.3718
3.3646
3.3566
3.3480
3.3387
3.3287
3.3181
3.3069
3.2951
3.2827
3.2698
3.2564
3.2424
3.2279
3.2130
3.1976
3.1818
3.1655
3.1489
3.1319
3.1145
3.0967
3.0787
3.0603
3.0416
3.0226
3.0034
2.9839
2.9641
2.9442
2.9240
2.9036
2.8830
2.8622
2.8412
2.8201
2.7988
2.7774
2.7558
2.7341
2.7122
2.6902
2.6681
2.6459
2.6236
2.6011
2.5786
2.5559
2.5331
2.5102
2.4872
2.4641
2.4409
2.4175
2.3941
2.3705
2.3468
2.3230
2.2991
2.2750
2.2508
2.2264
2.2019
2.1772
2.1524
2.1274
2.1022
2.0769
2.0514
2.0257
1.9997
1.9736
1.9473
1.9207
1.8939
1.8669
1.8396
1.8121
1.7844
1.7563
1.7281
1.6995
1.6707
1.6416
1.6122
1.5825
1.5525
1.5222
1.4916
1.4608
1.4296
1.3981
1.3663
1.3342
1.3018
1.2691
1.2361
1.2028
1.1692
1.1353
1.1011
1.0666
1.0319
0.9969
0.9616
0.9260
0.8902
0.8542
0.8180
0.7815
0.7448
0.7079
0.6709
0.6337
0.5963
0.5588
0.5212
0.4835
0.4457
0.4079
0.3700
0.3321
0.2942
0.2563
0.2184
0.1806
0.1429
0.1053
0.0678
0.0305
-0.0066
-0.0435
-0.0802
-0.1166
-0.1527
-0.1885
-0.2239
-0.2590
-0.2937
-0.3280
-0.3618
-0.3951
-0.4279
-0.4601
-0.4918
-0.5229
-0.5534
-0.5832
-0.6123
-0.6407
-0.6683
-0.6952
-0.7213
-0.7466
-0.7710
-0.7945
-0.8172
-0.8389
-0.8596
-0.8794
-0.8982
-0.9159
-0.9326
-0.9482
-0.9628
-0.9762
-0.9885
-0.9996
-1.0096
-1.0184
-1.0260
-1.0324
-1.0375
-1.0414
-1.0441
-1.0454
-1.0455
-1.0444
-1.0419
-1.0381
-1.0330
-1.0266
-1.0189
-1.0098
-0.9995
-0.9878
-0.9748
-0.9604
-0.9448
-0.9278
-0.9096
-0.8900
-0.8692
-0.8471
-0.8237
-0.7990
-0.7731
-0.7459
-0.7176
-0.6880
-0.6572
-0.6253
-0.5922
-0.5580
-0.5227
-0.4863
-0.4488
-0.4103
-0.3708
-0.3302
-0.2888
-0.2463
-0.2030
-0.1588
-0.1137
-0.0678
-0.0211
0.0263
0.0745
0.1233
0.1729
0.2230
0.2738
0.3251
0.3769
0.4292
0.4819
0.5351
0.5887
0.6425
0.6967
0.7512
0.8059
0.8608
0.9158
0.9710
1.0263
1.0816
1.1369
1.1921
1.2474
1.3025
1.3575
1.4123
1.4669
1.5212
1.5753
1.6291
1.6825
1.7356
1.7882
1.8404
1.8921
1.9433
1.9940
2.0441
2.0936
2.1425
2.1907
2.2383
2.2851
2.3312
2.3766
2.4212
2.4649
2.5079
2.5499
2.5912
2.6315
2.6709
2.7093
2.7469
2.7834
2.8190
2.8535
2.8871
2.9196
2.9511
2.9815
3.0109
3.0391
3.0663
3.0924
3.1174
3.1413
3.1640
3.1856
3.2061
3.2255
3.2437
3.2608
3.2767
3.2915
3.3051
3.3175
3.3289
3.3390
3.3480
3.3559
3.3626
3.3682
3.3726
3.3759
3.3781
3.3791
3.3790
3.3778
3.3755
3.3721
3.3676
3.3619
3.3552
3.3475
3.3386
3.3287
3.3178
3.3058
3.2928
3.2787
3.2636
3.2476
3.2305
3.2125
3.1935
3.1735
3.1525
3.1307
3.1079
3.0842
3.0595
3.0340
3.0076
2.9803
2.9522
2.9232
2.8934
2.8627
2.8313
2.7990
2.7659
2.7321
2.6975
2.6622
2.6261
2.5893
2.5518
2.5135
2.4746
2.4350
2.3948
2.3539
2.3123
2.2702
2.2274
2.1840
2.1401
2.0956
2.0505
2.0049
1.9588
1.9121
1.8650
1.8174
1.7693
1.7207
1.6718
1.6224
1.5726
1.5224
1.4718
1.4209
1.3697
1.3181
1.2662
1.2141
1.1617
1.1090
1.0561
1.0030
0.9497
0.8962
0.8426
0.7889
0.7350
0.6811
0.6270
0.5730
0.5189
0.4648
0.4107
0.3567
0.3028
0.2489
0.1952
0.1416
0.0881
0.0349
-0.0182
-0.0710
-0.1235
-0.1757
-0.2276
-0.2792
-0.3304
-0.3812
-0.4316
-0.4816
-0.5310
-0.5800
-0.6284
-0.6762
-0.7235
-0.7701
-0.8161
-0.8615
-0.9061
-0.9500
-0.9931
-1.0355
-1.0770
-1.1177
-1.1575
-1.1965
-1.2345
-1.2716
-1.3077
-1.3428
-1.3768
-1.4099
-1.4418
-1.4726
-1.5024
-1.5309
-1.5583
-1.5845
-1.6095
-1.6333
-1.6558
-1.6770
-1.6969
-1.7155
-1.7327
-1.7486
-1.7632
-1.7763
-1.7881
-1.7984
-1.8073
-1.8148
-1.8208
-1.8254
-1.8285
-1.8301
-1.8302
-1.8288
-1.8260
-1.8216
-1.8157
-1.8084
-1.7995
-1.7891
-1.7772
-1.7638
-1.7489
-1.7325
-1.7146
-1.6952
-1.6744
-1.6521
-1.6283
-1.6031
-1.5765
-1.5484
-1.5190
-1.4881
-1.4560
-1.4224
-1.3876
-1.3514
-1.3140
-1.2753
-1.2353
-1.1942
-1.1519
-1.1084
-1.0638
-1.0181
-0.9714
-0.9236
-0.8748
-0.8250
-0.7744
-0.7228
-0.6703
-0.6171
-0.5630
-0.5082
-0.4527
-0.3965
-0.3397
-0.2823
-0.2244
-0.1659
-0.1070
-0.0477
0.0120
0.0720
0.1324
0.1930
0.2537
0.3147
0.3757
0.4368
0.4980
0.5591
0.6202
0.6811
0.7419
0.8025
0.8629
0.9229
0.9827
1.0420
1.1010
1.1595
1.2174
1.2749
1.3317
1.3880
1.4436
1.4984
1.5526
1.6059
1.6584
1.7101
1.7609
1.8108
1.8597
1.9077
1.9546
2.0004
2.0452
2.0889
2.1314
2.1728
2.2129
2.2519
2.2896
2.3261
2.3613
2.3951
2.4277
2.4589
2.4888
2.5172
2.5443
2.5700
2.5943
2.6172
2.6386
2.6586
2.6772
2.6943
2.7099
2.7241
2.7369
2.7482
2.7580
2.7663
2.7732
2.7787
2.7827
2.7852
2.7864
2.7861
2.7844
2.7813
2.7768
2.7709
2.7637
2.7551
2.7452
2.7339
2.7214
2.7076
2.6925
2.6761
2.6586
2.6399
2.6199
2.5988
2.5766
2.5533
2.5289
2.5035
2.4770
2.4495
2.4210
2.3916
2.3613
2.3301
2.2980
2.2650
2.2313
2.1968
2.1615
2.1255
2.0889
2.0516
2.0136
1.9750
1.9359
1.8963
1.8561
1.8154
1.7744
1.7328
1.6909
1.6487
1.6061
1.5632
1.5200
1.4766
1.4329
1.3891
1.3451
1.3009
1.2567
1.2124
1.1680
1.1235
1.0791
1.0346
0.9902
0.9459
0.9016
0.8575
0.8134
0.7695
0.7258
0.6822
0.6389
0.5958
0.5529
0.5102
0.4678
0.4257
0.3839
0.3424
0.3013
0.2604
0.2200
0.1798
0.1401
0.1007
0.0617
0.0232
-0.0150
-0.0528
-0.0901
-0.1270
-0.1635
-0.1995
-0.2351
-0.2702
-0.3049
-0.3391
-0.3729
-0.4062
-0.4391
-0.4715
-0.5034
-0.5349
-0.5659
-0.5964
-0.6265
-0.6561
-0.6853
-0.7140
-0.7422
-0.7701
-0.7974
-0.8243
-0.8508
-0.8769
-0.9025
-0.9277
-0.9524
-0.9768
-1.0007
-1.0242
-1.0474
-1.0701
-1.0924
-1.1143
-1.1359
-1.1571
-1.1779
-1.1983
-1.2184
-1.2381
-1.2574
-1.2765
-1.2951
-1.3135
-1.3314
-1.3491
-1.3665
-1.3835
-1.4002
-1.4166
-1.4326
-1.4484
-1.4639
-1.4790
-1.4939
-1.5085
-1.5228
-1.5367
-1.5504
-1.5639
-1.5770
-1.5898
-1.6024
-1.6146
-1.6266
-1.6383
-1.6497
-1.6608
-1.6717
-1.6822
-1.6924
-1.7024
-1.7121
-1.7214
-1.7305
-1.7393
-1.7477
-1.7558
-1.7637
-1.7712
-1.7784
-1.7852
-1.7918
-1.7979
-1.8038
-1.8093
-1.8144
-1.8192
-1.8236
-1.8277
-1.8314
-1.8347
-1.8376
-1.8401
-1.8422
-1.8439
-1.8452
-1.8460
-1.8464
-1.8464
-1.8460
-1.8451
-1.8437
-1.8419
-1.8396
-1.8368
-1.8336
-1.8298
-1.8256
-1.8208
-1.8156
-1.8098
-1.8035
-1.7967
-1.7893
-1.7814
-1.7730
-1.7640
-1.7545
-1.7444
-1.7337
-1.7225
-1.7107
-1.6983
-1.6854
-1.6718
-1.6577
-1.6430
-1.6277
-1.6119
-1.5954
-1.5784
-1.5607
-1.5425
-1.5237
-1.5043
-1.4843
-1.4637
-1.4426
-1.4208
-1.3985
-1.3756
-1.3522
-1.3281
-1.3036
-1.2784
-1.2527
-1.2265
-1.1997
-1.1724
-1.1446
-1.1163
-1.0874
-1.0581
-1.0283
-0.9980
-0.9672
-0.9360
-0.9043
-0.8722
-0.8397
-0.8068
-0.7735
-0.7398
-0.7057
-0.6713
-0.6365
-0.6014
-0.5660
-0.5303
-0.4943
-0.4581
-0.4216
-0.3849
-0.3480
-0.3108
-0.2736
-0.2361
-0.1985
-0.1608
-0.1230
-0.0851
-0.0472
-0.0092
0.0288
0.0669
0.1049
0.1428
0.1807
0.2186
0.2563
0.2939
0.3314
0.3687
0.4058
0.4427
0.4794
0.5159
0.5521
0.5880
0.6236
0.6589
0.6938
0.7284
0.7626
0.7964
0.8297
0.8626
0.8951
0.9270
0.9585
0.9894
1.0198
1.0496
1.0789
1.1076
1.1356
1.1630
1.1898
1.2160
1.2414
1.2662
1.2902
1.3136
1.3362
1.3580
1.3791
1.3995
1.4190
1.4377
1.4557
1.4728
1.4891
1.5045
1.5191
1.5329
1.5458
1.5578
1.5689
1.5791
1.5885
1.5970
1.6045
1.6112
1.6169
1.6218
1.6257
1.6287
1.6308
1.6320
1.6323
1.6317
1.6301
1.6276
1.6243
1.6200
1.6148
1.6087
1.6018
1.5939
1.5852
1.5756
1.5651
1.5537
1.5416
1.5285
1.5147
1.5000
1.4845
1.4682
1.4511
1.4333
1.4146
1.3952
1.3751
1.3543
1.3327
1.3105
1.2875
1.2639
1.2397
1.2148
1.1893
1.1632
1.1365
1.1092
1.0814
1.0531
1.0242
0.9949
0.9650
0.9348
0.9041
0.8729
0.8414
0.8095
0.7772
0.7446
0.7117
0.6785
0.6449
0.6112
0.5772
0.5430
0.5086
0.4740
0.4392
0.4044
0.3694
0.3343
0.2991
0.2639
0.2287
0.1934
0.1582
0.1229
0.0877
0.0526
0.0176
-0.0173
-0.0522
-0.0868
-0.1213
-0.1557
-0.1898
-0.2238
-0.2575
-0.2909
-0.3241
-0.3571
-0.3897
-0.4220
-0.4540
-0.4857
-0.5170
-0.5479
-0.5785
-0.6086
-0.6384
-0.6677
-0.6966
-0.7251
-0.7530
-0.7806
-0.8076
-0.8342
-0.8603
-0.8858
-0.9109
-0.9354
-0.9594
-0.9828
-1.0057
-1.0281
-1.0499
-1.0711
-1.0918
-1.1118
-1.1313
-1.1503
-1.1686
-1.1863
-1.2035
-1.2200
-1.2360
-1.2513
-1.2661
-1.2803
-1.2938
-1.3068
-1.3191
-1.3309
-1.3420
-1.3526
-1.3625
-1.3719
-1.3807
-1.3889
-1.3965
-1.4035
-1.4100
-1.4159
-1.4212
-1.4260
-1.4302
-1.4338
-1.4370
-1.4395
-1.4416
-1.4431
-1.4441
-1.4446
-1.4446
-1.4441
-1.4431
-1.4416
-1.4397
-1.4373
-1.4344
-1.4311
-1.4273
-1.4232
-1.4186
-1.4136
-1.4081
-1.4023
-1.3962
-1.3896
-1.3827
-1.3754
-1.3678
-1.3598
-1.3516
-1.3430
-1.3341
-1.3249
-1.3154
-1.3057
-1.2956
-1.2854
-1.2749
